-8076809.193351 -841678.194571
-8076799.418618 -841680.504962
-8076789.643885 -841682.815354
-8076779.869153 -841685.125745
-8076770.094420 -841687.436136
-8076760.319688 -841689.746528
-8076750.544955 -841692.056919
-8076740.770223 -841694.367310
-8076730.403082 -841696.648081
-8076720.035941 -841698.928852
-8076709.668801 -841701.209623
-8076699.301660 -841703.490394
-8076688.934519 -841705.771165
-8076678.567379 -841708.051936
-8076669.325814 -841710.362327
-8076660.084248 -841712.672719
-8076650.842683 -841714.983110
-8076641.601118 -841717.293501
-8076632.359552 -841719.603893
-8076623.117987 -841721.914284
-8076613.876421 -841724.224675
-8076603.923966 -841726.159875
-8076593.971512 -841728.095074
-8076584.019057 -841730.030274
-8076574.066602 -841731.965474
-8076564.114147 -841733.900673
-8076554.161692 -841735.835873
-8076544.209237 -841737.771072
-8076534.256782 -841739.706272
-8076524.304327 -841741.641471
-8076514.213643 -841743.438442
-8076504.122960 -841745.235414
-8076494.032276 -841747.032385
-8076483.941592 -841748.829356
-8076473.850909 -841750.626327
-8076463.760225 -841752.423298
-8076453.669542 -841754.220269
-8076443.578858 -841756.017240
-8076433.488175 -841757.814211
-8076422.982806 -841758.781811
-8076412.477437 -841759.749410
-8076401.972067 -841760.717010
-8076391.466698 -841761.684610
-8076380.961329 -841762.652210
-8076370.455960 -841763.619810
-8076359.950591 -841764.587409
-8076349.445222 -841765.555009
-8076338.939853 -841766.522609
-8076328.849169 -841767.075523
-8076318.758485 -841767.628437
-8076308.667802 -841768.181351
-8076298.577118 -841768.734266
-8076288.486435 -841769.287180
-8076278.395751 -841769.840094
-8076268.305068 -841770.393008
-8076258.214384 -841770.945922
-8076248.123701 -841771.498836
-8076237.815801 -841770.254780
-8076227.507901 -841769.010723
-8076217.200001 -841767.766666
-8076206.892102 -841766.522609
-8076196.584202 -841765.278552
-8076186.276302 -841764.034495
-8076175.968402 -841762.790438
-8076166.568861 -841758.505354
-8076157.169320 -841754.220269
-8076147.769780 -841749.935184
-8076138.370239 -841745.650099
-8076128.970698 -841741.365014
-8076119.571157 -841737.079930
-8076110.171616 -841732.794845
-8076100.772076 -841728.509760
-8076091.372535 -841724.224675
-8076083.441672 -841717.382362
-8076075.510810 -841710.540050
-8076067.579947 -841703.697737
-8076059.649084 -841696.855424
-8076051.718222 -841690.013111
-8076043.787359 -841683.170798
-8076035.856497 -841676.328486
-8076027.925634 -841669.486173
-8076021.014207 -841661.883603
-8076014.102780 -841654.281033
-8076007.191353 -841646.678463
-8076000.279926 -841639.075894
-8075993.368499 -841631.473324
-8075986.457072 -841623.870754
-8075979.545645 -841616.268184
-8075972.634218 -841608.665615
-8075965.722791 -841601.063045
-8075959.502506 -841593.146319
-8075953.282222 -841585.229594
-8075947.061937 -841577.312868
-8075940.841653 -841569.396143
-8075934.621369 -841561.479417
-8075928.401084 -841553.562691
-8075922.180800 -841545.645966
-8075915.960516 -841537.729240
-8075909.740231 -841529.812515
-8075903.519947 -841521.895789
-8075897.299663 -841513.979064
-8075892.323435 -841505.021854
-8075887.347208 -841496.064645
-8075882.370980 -841487.107435
-8075877.394753 -841478.150226
-8075872.418525 -841469.193016
-8075867.442298 -841460.235807
-8075862.466070 -841451.278597
-8075857.489843 -841442.321388
-8075852.513615 -841433.364178
-8075847.537388 -841424.406969
-8075843.126640 -841415.472379
-8075838.715893 -841406.537788
-8075834.305146 -841397.603198
-8075829.894399 -841388.668608
-8075825.483652 -841379.734017
-8075821.072905 -841370.799427
-8075816.662158 -841361.864837
-8075812.251411 -841352.930247
-8075807.840664 -841343.995656
-8075803.429917 -841335.061066
-8075799.019170 -841326.126476
-8075794.181171 -841316.865164
-8075789.343172 -841307.603851
-8075784.505173 -841298.342539
-8075779.667174 -841289.081227
-8075774.829175 -841279.819914
-8075769.991176 -841270.558602
-8075765.153177 -841261.297290
-8075760.315178 -841252.035978
-8075755.477179 -841242.774665
-8075750.086266 -841234.757410
-8075744.695353 -841226.740154
-8075739.304440 -841218.722899
-8075733.913527 -841210.705644
-8075728.522613 -841202.688388
-8075723.131700 -841194.671133
-8075717.740787 -841186.653877
-8075712.349874 -841178.636622
-8075706.958961 -841170.619367
-8075699.356391 -841164.813768
-8075691.753821 -841159.008169
-8075684.151252 -841153.202570
-8075676.548682 -841147.396972
-8075668.946112 -841141.591373
-8075661.343542 -841135.785774
-8075653.740972 -841129.980175
-8075646.138403 -841124.174577
-8075638.535833 -841118.368978
-8075629.516421 -841114.481300
-8075620.497008 -841110.593623
-8075611.477596 -841106.705945
-8075602.458184 -841102.818267
-8075593.438771 -841098.930589
-8075584.419359 -841095.042912
-8075575.399947 -841091.155234
-8075566.380534 -841087.267556
-8075556.566308 -841085.885271
-8075546.752081 -841084.502985
-8075536.937855 -841083.120700
-8075527.123628 -841081.738414
-8075517.309402 -841080.356129
-8075507.495176 -841078.973844
-8075497.680949 -841077.591558
-8075487.866723 -841076.209273
-8075478.052496 -841074.826987
-8075468.100041 -841075.075799
-8075458.147586 -841075.324610
-8075448.195131 -841075.573422
-8075438.242676 -841075.822233
-8075428.290221 -841076.071044
-8075418.337766 -841076.319856
-8075408.385311 -841076.568667
-8075398.432856 -841076.817478
-8075388.480401 -841077.066290
-8075378.527946 -841077.315101
-8075368.699897 -841079.305592
-8075358.871848 -841081.296083
-8075349.043799 -841083.286574
-8075339.215749 -841085.277065
-8075329.387700 -841087.267556
-8075319.559651 -841089.258047
-8075309.731601 -841091.248538
-8075299.903552 -841093.239029
-8075290.075503 -841095.229520
-8075280.247453 -841097.220011
-8075271.041433 -841100.454559
-8075261.835412 -841103.689107
-8075252.629391 -841106.923655
-8075243.423370 -841110.158203
-8075234.217349 -841113.392750
-8075225.011328 -841116.627298
-8075215.805307 -841119.861846
-8075206.599287 -841123.096394
-8075197.393266 -841126.330942
-8075188.187245 -841129.565490
-8075178.787704 -841133.435889
-8075169.388163 -841137.306288
-8075159.988622 -841141.176687
-8075150.589082 -841145.047086
-8075141.189541 -841148.917486
-8075131.790000 -841152.787885
-8075122.390459 -841156.658284
-8075112.990918 -841160.528683
-8075103.591377 -841164.399082
-8075094.986651 -841169.064296
-8075086.381924 -841173.729509
-8075077.777197 -841178.394722
-8075069.172471 -841183.059935
-8075060.567744 -841187.725149
-8075051.963017 -841192.390362
-8075043.358290 -841197.055575
-8075034.753564 -841201.720788
-8075026.148837 -841206.386002
-8075017.544110 -841211.051215
-8075008.939384 -841215.716428
-8075000.334657 -841220.381642
-8074990.693216 -841223.802798
-8074981.051775 -841227.223954
-8074971.410335 -841230.645111
-8074961.768894 -841234.066267
-8074952.127453 -841237.487424
-8074942.486012 -841240.908580
-8074932.844572 -841244.329736
-8074923.203131 -841247.750893
-8074913.499487 -841245.884807
-8074903.795844 -841244.018722
-8074894.092200 -841242.152637
-8074884.388556 -841240.286552
-8074874.684913 -841238.420466
-8074864.981269 -841236.554381
-8074855.277626 -841234.688296
-8074845.573982 -841232.822210
-8074835.870338 -841230.956125
-8074826.166695 -841229.090040
-8074817.280574 -841224.113812
-8074808.394454 -841219.137585
-8074799.508333 -841214.161357
-8074790.622213 -841209.185130
-8074781.736092 -841204.208902
-8074772.849972 -841199.232675
-8074763.963851 -841194.256447
-8074755.142357 -841190.524277
-8074746.320863 -841186.792106
-8074737.499368 -841183.059935
-8074728.677874 -841179.327765
-8074719.856380 -841175.595594
-8074711.034886 -841171.863424
-8074702.213392 -841168.131253
-8074693.391898 -841164.399082
-8074684.570403 -841160.666912
-8074675.748909 -841156.934741
-8074666.927415 -841153.202570
-8074659.359402 -841146.878615
-8074651.791390 -841140.554659
-8074644.223377 -841134.230703
-8074636.655364 -841127.906747
-8074629.087352 -841121.582792
-8074621.519339 -841115.258836
-8074613.951326 -841108.934880
-8074606.383314 -841102.610924
-8074598.815301 -841096.286968
-8074591.247288 -841089.963013
-8074583.679276 -841083.639057
-8074576.111263 -841077.315101
-8074569.890979 -841068.979920
-8074563.670694 -841060.644739
-8074557.450410 -841052.309558
-8074551.230126 -841043.974377
-8074545.009841 -841035.639196
-8074538.789557 -841027.304015
-8074532.569273 -841018.968834
-8074526.348988 -841010.633653
-8074520.128704 -841002.298472
-8074513.908420 -840993.963291
-8074511.047089 -840984.384053
-8074508.185758 -840974.804815
-8074505.324427 -840965.225577
-8074502.463096 -840955.646339
-8074499.601766 -840946.067101
-8074496.740435 -840936.487863
-8074493.879104 -840926.908625
-8074491.017773 -840917.329387
-8074488.156442 -840907.750149
-8074485.295111 -840898.170911
-8074485.973688 -840887.879168
-8074486.652264 -840877.587425
-8074487.330841 -840867.295682
-8074488.009417 -840857.003939
-8074488.687994 -840846.712195
-8074489.366570 -840836.420452
-8074490.045147 -840826.128709
-8074490.723723 -840815.836966
-8074491.402300 -840805.545222
-8074492.080876 -840795.253479
-8074492.759453 -840784.961736
-8074495.586855 -840775.687857
-8074498.414257 -840766.413979
-8074501.241659 -840757.140100
-8074504.069061 -840747.866222
-8074506.896463 -840738.592343
-8074509.723865 -840729.318465
-8074512.551267 -840720.044586
-8074515.378669 -840710.770708
-8074518.206071 -840701.496829
-8074521.033473 -840692.222951
-8074523.860875 -840682.949072
-8074529.355459 -840674.966374
-8074534.850044 -840666.983676
-8074540.344628 -840659.000978
-8074545.839213 -840651.018279
-8074551.333797 -840643.035581
-8074556.828382 -840635.052883
-8074562.322966 -840627.070184
-8074567.817551 -840619.087486
-8074573.312135 -840611.104788
-8074578.806720 -840603.122090
-8074584.301304 -840595.139391
-8074589.795889 -840587.156693
-8074596.242365 -840579.692352
-8074602.688842 -840572.228011
-8074609.135318 -840564.763669
-8074615.581795 -840557.299328
-8074622.028271 -840549.834987
-8074628.474748 -840542.370646
-8074634.921224 -840534.906304
-8074641.367701 -840527.441963
-8074647.814178 -840519.977622
-8074654.260654 -840512.513281
-8074660.707131 -840505.048940
-8074666.927415 -840496.792926
-8074673.147699 -840488.536912
-8074679.367984 -840480.280898
-8074685.588268 -840472.024884
-8074691.808552 -840463.768871
-8074698.028837 -840455.512857
-8074704.249121 -840447.256843
-8074710.469406 -840439.000829
-8074716.689690 -840430.744815
-8074722.909974 -840422.488802
-8074729.130259 -840414.232788
-8074735.557886 -840406.872118
-8074741.985513 -840399.511448
-8074748.413140 -840392.150778
-8074754.840767 -840384.790108
-8074761.268394 -840377.429439
-8074767.696022 -840370.068769
-8074774.123649 -840362.708099
-8074780.551276 -840355.347429
-8074786.978903 -840347.986759
-8074793.406530 -840340.626089
-8074799.834158 -840333.265420
-8074806.261785 -840325.904750
-8074812.934453 -840319.005889
-8074819.607122 -840312.107028
-8074826.279791 -840305.208167
-8074832.952459 -840298.309306
-8074839.625128 -840291.410446
-8074846.297797 -840284.511585
-8074852.970466 -840277.612724
-8074859.643134 -840270.713863
-8074866.315803 -840263.815002
-8074872.988472 -840256.916141
-8074879.661140 -840250.017281
-8074882.244951 -840240.734702
-8074884.828761 -840231.452124
-8074887.412572 -840222.169546
-8074889.996382 -840212.886968
-8074892.580192 -840203.604389
-8074895.164003 -840194.321811
-8074897.747813 -840185.039233
-8074900.331624 -840175.756655
-8074902.915434 -840166.474077
-8074905.499245 -840157.191498
-8074908.083055 -840147.908920
-8074910.666865 -840138.626342
-8074913.250676 -840129.343764
-8074913.147004 -840119.598652
-8074913.043333 -840109.853539
-8074912.939662 -840100.108427
-8074912.835990 -840090.363315
-8074912.732319 -840080.618203
-8074912.628647 -840070.873091
-8074912.524976 -840061.127978
-8074912.421305 -840051.382866
-8074912.317633 -840041.637754
-8074912.213962 -840031.892642
-8074912.110290 -840022.147530
-8074912.006619 -840012.402417
-8074909.518505 -840002.823180
-8074907.030391 -839993.243942
-8074904.542278 -839983.664704
-8074902.054164 -839974.085466
-8074899.566050 -839964.506228
-8074897.077936 -839954.926990
-8074894.589823 -839945.347752
-8074892.101709 -839935.768514
-8074889.613595 -839926.189276
-8074887.125482 -839916.610039
-8074880.780791 -839909.518914
-8074874.436101 -839902.427790
-8074868.091411 -839895.336666
-8074861.746721 -839888.245542
-8074855.402031 -839881.154418
-8074849.057341 -839874.063293
-8074842.712651 -839866.972169
-8074836.367961 -839859.881045
-8074830.023271 -839852.789921
-8074823.678581 -839845.698797
-8074816.463051 -839839.229701
-8074809.247521 -839832.760605
-8074802.031991 -839826.291509
-8074794.816462 -839819.822414
-8074787.600932 -839813.353318
-8074780.385402 -839806.884222
-8074773.169872 -839800.415127
-8074765.954342 -839793.946031
-8074758.738812 -839787.476935
-8074751.523282 -839781.007839
-8074743.188101 -839775.409583
-8074734.852920 -839769.811327
-8074726.517739 -839764.213072
-8074718.182558 -839758.614816
-8074709.847377 -839753.016560
-8074701.512196 -839747.418304
-8074693.177015 -839741.820048
-8074684.841834 -839736.221792
-8074676.506653 -839730.623536
-8074668.171472 -839725.025280
-8074659.463074 -839720.360067
-8074650.754676 -839715.694853
-8074642.046277 -839711.029640
-8074633.337879 -839706.364427
-8074624.629481 -839701.699214
-8074615.921083 -839697.034000
-8074607.212685 -839692.368787
-8074598.504287 -839687.703574
-8074589.795889 -839683.038361
-8074581.087491 -839678.373147
-8074572.379093 -839673.707934
-8074563.670694 -839669.042721
-8074553.994697 -839665.863464
-8074544.318699 -839662.684208
-8074534.642701 -839659.504951
-8074524.966703 -839656.325695
-8074515.290705 -839653.146438
-8074505.614707 -839649.967182
-8074495.938709 -839646.787926
-8074486.262711 -839643.608669
-8074476.586713 -839640.429413
-8074467.100780 -839637.163763
-8074457.614846 -839633.898114
-8074448.128912 -839630.632465
-8074438.642979 -839627.366815
-8074429.157045 -839624.101166
-8074419.671111 -839620.835517
-8074410.185178 -839617.569868
-8074400.699244 -839614.304218
-8074390.633693 -839612.833969
-8074380.568142 -839611.363720
-8074370.502591 -839609.893471
-8074360.437040 -839608.423222
-8074350.371489 -839606.952973
-8074340.305938 -839605.482724
-8074330.240387 -839604.012475
-8074320.174836 -839602.542226
-8074310.109284 -839601.071977
-8074300.043733 -839599.601728
-8074289.978182 -839598.131479
-8074279.799535 -839598.583863
-8074269.620888 -839599.036248
-8074259.442241 -839599.488632
-8074249.263594 -839599.941016
-8074239.084947 -839600.393401
-8074228.906300 -839600.845785
-8074218.727652 -839601.298169
-8074208.549005 -839601.750553
-8074198.370358 -839602.202938
-8074188.191711 -839602.655322
-8074178.013064 -839603.107706
-8074168.309420 -839603.480924
-8074158.605777 -839603.854141
-8074148.902133 -839604.227358
-8074139.198489 -839604.600575
-8074129.494846 -839604.973792
-8074119.791202 -839605.347009
-8074110.087559 -839605.720226
-8074100.383915 -839606.093443
-8074090.680271 -839606.466660
-8074080.976628 -839606.839877
-8074070.684884 -839607.066069
-8074060.393141 -839607.292261
-8074050.101398 -839607.518454
-8074039.809655 -839607.744646
-8074029.517912 -839607.970838
-8074019.226168 -839608.197030
-8074008.934425 -839608.423222
-8073998.642682 -839608.649414
-8073988.350939 -839608.875606
-8073978.059195 -839609.101799
-8073967.767452 -839609.327991
-8073957.475709 -839607.631550
-8073947.183966 -839605.935108
-8073936.892223 -839604.238667
-8073926.600479 -839602.542226
-8073916.308736 -839600.845785
-8073906.016993 -839599.149344
-8073895.725250 -839597.452902
-8073885.433506 -839595.756461
-8073875.141763 -839594.060020
-8073864.850020 -839592.363579
-8073854.558277 -839590.667138
-8073845.467092 -839586.265090
-8073836.375907 -839581.863043
-8073827.284722 -839577.460996
-8073818.193537 -839573.058948
-8073809.102353 -839568.656901
-8073800.011168 -839564.254853
-8073790.919983 -839559.852806
-8073781.828798 -839555.450759
-8073772.737613 -839551.048711
-8073763.646428 -839546.646664
-8073754.555243 -839542.244616
-8073745.464059 -839537.842569
-8073736.372874 -839533.440522
-8073728.079161 -839528.464294
-8073719.785449 -839523.488067
-8073711.491736 -839518.511839
-8073703.198024 -839513.535612
-8073694.904311 -839508.559384
-8073686.610599 -839503.583157
-8073678.316886 -839498.606929
-8073670.023174 -839493.630702
-8073661.729461 -839488.654474
-8073653.435749 -839483.678247
-8073645.142036 -839478.702019
-8073636.848324 -839473.725792
-8073628.969297 -839466.952593
-8073621.090270 -839460.179395
-8073613.211243 -839453.406196
-8073605.332216 -839446.632998
-8073597.453190 -839439.859799
-8073589.574163 -839433.086600
-8073581.695136 -839426.313402
-8073573.816109 -839419.540203
-8073565.937082 -839412.767005
-8073557.601901 -839407.790777
-8073549.266720 -839402.814550
-8073540.931539 -839397.838322
-8073532.596358 -839392.862095
-8073524.261177 -839387.885867
-8073515.925996 -839382.909640
-8073507.590815 -839377.933412
-8073499.255634 -839372.957185
-8073490.920453 -839367.980957
-8073482.585272 -839363.004730
-8073474.001279 -839358.277314
-8073465.417287 -839353.549898
-8073456.833294 -839348.822482
-8073448.249302 -839344.095065
-8073439.665310 -839339.367649
-8073431.081317 -839334.640233
-8073422.497325 -839329.912817
-8073413.913332 -839325.185401
-8073405.329340 -839320.457985
-8073396.745347 -839315.730569
-8073387.810757 -839311.659110
-8073378.876167 -839307.587651
-8073369.941577 -839303.516192
-8073361.006986 -839299.444733
-8073352.072396 -839295.373274
-8073343.137806 -839291.301816
-8073334.203216 -839287.230357
-8073325.268625 -839283.158898
-8073316.334035 -839279.087439
-8073307.399445 -839275.015980
-8073298.464854 -839270.944521
-8073289.258834 -839267.461162
-8073280.052813 -839263.977803
-8073270.846792 -839260.494444
-8073261.640771 -839257.011084
-8073252.434750 -839253.527725
-8073243.228729 -839250.044366
-8073234.022708 -839246.561007
-8073224.816688 -839243.077647
-8073215.610667 -839239.594288
-8073206.404646 -839236.110929
-8073196.112903 -839235.884737
-8073185.821159 -839235.658545
-8073175.529416 -839235.432352
-8073165.237673 -839235.206160
-8073154.945930 -839234.979968
-8073144.654186 -839234.753776
-8073134.362443 -839234.527584
-8073124.070700 -839234.301392
-8073113.778957 -839234.075199
-8073103.487214 -839233.849007
-8073093.195470 -839233.622815
-8073083.761372 -839235.903586
-8073074.327274 -839238.184357
-8073064.893177 -839240.465128
-8073055.459079 -839242.745899
-8073046.024981 -839245.026670
-8073036.590883 -839247.307441
-8073027.156785 -839249.588212
-8073017.722687 -839251.868983
-8073008.288589 -839254.149754
-8072998.854491 -839256.430524
-8072989.420393 -839258.711295
-8072979.986295 -839260.992066
-8072973.627782 -839268.594636
-8072967.269269 -839276.197206
-8072960.910756 -839283.799776
-8072954.552243 -839291.402345
-8072948.193730 -839299.004915
-8072941.835217 -839306.607485
-8072935.476705 -839314.210055
-8072929.118192 -839321.812625
-8072922.759679 -839329.415194
-8072919.366796 -839338.915265
-8072915.973914 -839348.415336
-8072912.581032 -839357.915406
-8072909.188149 -839367.415477
-8072905.795267 -839376.915548
-8072902.402384 -839386.415618
-8072899.009502 -839395.915689
-8072895.616620 -839405.415760
-8072892.223737 -839414.915830
-8072888.830855 -839424.415901
-8072885.437973 -839433.915972
-8072885.990887 -839444.283112
-8072886.543801 -839454.650253
-8072887.096715 -839465.017394
-8072887.649629 -839475.384534
-8072888.202543 -839485.751675
-8072888.755458 -839496.118815
-8072889.308372 -839506.485956
-8072889.861286 -839516.853097
-8072890.414200 -839527.220237
-8072894.259467 -839536.494116
-8072898.104733 -839545.767994
-8072901.950000 -839555.041873
-8072905.795267 -839564.315751
-8072909.640534 -839573.589630
-8072913.485800 -839582.863508
-8072917.331067 -839592.137387
-8072921.176334 -839601.411265
-8072925.021600 -839610.685144
-8072928.866867 -839619.959022
-8072932.712134 -839629.232901
-8072938.754696 -839637.052687
-8072944.797258 -839644.872473
-8072950.839820 -839652.692259
-8072956.882382 -839660.512045
-8072962.924944 -839668.331831
-8072968.967505 -839676.151617
-8072975.010067 -839683.971403
-8072981.052629 -839691.791189
-8072987.095191 -839699.610975
-8072993.137753 -839707.430761
-8072999.180315 -839715.250547
-8073005.222877 -839723.070334
-8073011.265439 -839730.890120
-8073017.308001 -839738.709906
-8073023.424614 -839746.588932
-8073029.541227 -839754.467959
-8073035.657840 -839762.346986
-8073041.774453 -839770.226013
-8073047.891066 -839778.105040
-8073054.007679 -839785.984067
-8073060.124292 -839793.863094
-8073066.240905 -839801.742121
-8073072.357518 -839809.621147
-8073078.474131 -839817.500174
-8073084.590744 -839825.379201
-8073090.707357 -839833.258228
-8073095.807990 -839841.966626
-8073100.908623 -839850.675024
-8073106.009256 -839859.383422
-8073111.109889 -839868.091820
-8073116.210523 -839876.800219
-8073121.311156 -839885.508617
-8073126.411789 -839894.217015
-8073131.512422 -839902.925413
-8073136.613055 -839911.633811
-8073141.713688 -839920.342209
-8073145.350162 -839929.337697
-8073148.986636 -839938.333185
-8073152.623110 -839947.328674
-8073156.259584 -839956.324162
-8073159.896058 -839965.319650
-8073163.532532 -839974.315138
-8073167.169006 -839983.310626
-8073170.805480 -839992.306114
-8073174.441954 -840001.301603
-8073178.078428 -840010.297091
-8073181.714902 -840019.292579
-8073185.351376 -840028.288067
-8073188.987850 -840037.283555
-8073191.815252 -840047.236010
-8073194.642654 -840057.188465
-8073197.470056 -840067.140920
-8073200.297458 -840077.093375
-8073203.124860 -840087.045830
-8073205.952262 -840096.998285
-8073208.779663 -840106.950740
-8073211.607065 -840116.903195
-8073214.434467 -840126.855650
-8073217.261869 -840136.808105
-8073220.089271 -840146.760560
-8073221.333328 -840156.599919
-8073222.577385 -840166.439278
-8073223.821442 -840176.278637
-8073225.065499 -840186.117996
-8073226.309556 -840195.957355
-8073227.553613 -840205.796713
-8073228.797670 -840215.636072
-8073230.041726 -840225.475431
-8073231.285783 -840235.314790
-8073232.529840 -840245.154149
-8073233.773897 -840254.993508
-8073233.773897 -840264.832867
-8073233.773897 -840274.672226
-8073233.773897 -840284.511585
-8073233.773897 -840294.350944
-8073233.773897 -840304.190303
-8073233.773897 -840314.029661
-8073233.773897 -840323.869020
-8073233.773897 -840333.708379
-8073233.773897 -840343.547738
-8073233.773897 -840353.387097
-8073233.773897 -840363.226456
-8073233.547705 -840373.292007
-8073233.321513 -840383.357558
-8073233.095321 -840393.423109
-8073232.869128 -840403.488660
-8073232.642936 -840413.554211
-8073232.416744 -840423.619762
-8073232.190552 -840433.685313
-8073231.964360 -840443.750864
-8073231.738168 -840453.816416
-8073231.511975 -840463.881967
-8073231.285783 -840473.947518
-8073229.834384 -840484.107315
-8073228.382984 -840494.267113
-8073226.931584 -840504.426911
-8073225.480185 -840514.586709
-8073224.028785 -840524.746507
-8073222.577385 -840534.906304
-8073221.125985 -840545.066102
-8073219.674586 -840555.225900
-8073218.223186 -840565.385698
-8073216.771786 -840575.545496
-8073215.320387 -840585.705293
-8073213.868987 -840595.865091
-8073211.285177 -840605.147669
-8073208.701366 -840614.430248
-8073206.117556 -840623.712826
-8073203.533745 -840632.995404
-8073200.949935 -840642.277982
-8073198.366124 -840651.560560
-8073195.782314 -840660.843139
-8073193.198504 -840670.125717
-8073190.614693 -840679.408295
-8073188.030883 -840688.690873
-8073185.447072 -840697.973452
-8073182.863262 -840707.256030
-8073180.279451 -840716.538608
-8073176.660377 -840726.264871
-8073173.041302 -840735.991134
-8073169.422228 -840745.717396
-8073165.803153 -840755.443659
-8073162.184079 -840765.169922
-8073158.565004 -840774.896185
-8073154.945930 -840784.622448
-8073151.326855 -840794.348711
-8073147.707781 -840804.074973
-8073144.088706 -840813.801236
-8073140.469632 -840823.527499
-8073137.004045 -840833.035648
-8073133.538458 -840842.543797
-8073130.072871 -840852.051946
-8073126.607284 -840861.560095
-8073123.141697 -840871.068244
-8073119.676110 -840880.576393
-8073116.210523 -840890.084542
-8073112.744936 -840899.592691
-8073109.279349 -840909.100840
-8073105.813762 -840918.608989
-8073102.348175 -840928.117138
-8073098.882588 -840937.625287
-8073095.417000 -840947.133436
-8073091.951413 -840956.641584
-8073089.196716 -840966.149733
-8073086.442019 -840975.657882
-8073083.687321 -840985.166031
-8073080.932624 -840994.674180
-8073078.177927 -841004.182329
-8073075.423229 -841013.690478
-8073072.668532 -841023.198627
-8073069.913835 -841032.706776
-8073067.159137 -841042.214925
-8073064.404440 -841051.723074
-8073061.649743 -841061.231223
-8073058.895045 -841070.739372
-8073056.140348 -841080.247521
-8073053.385650 -841089.755670
-8073050.171837 -841099.500782
-8073046.958023 -841109.245894
-8073043.744210 -841118.991006
-8073040.530396 -841128.736119
-8073037.316582 -841138.481231
-8073034.102769 -841148.226343
-8073030.888955 -841157.971455
-8073027.675142 -841167.716567
-8073024.461328 -841177.461679
-8073021.247515 -841187.206792
-8073018.033701 -841196.951904
-8073014.819887 -841206.697016
-8073012.642788 -841216.649471
-8073010.465688 -841226.601926
-8073008.288589 -841236.554381
-8073006.111489 -841246.506836
-8073003.934390 -841256.459291
-8073001.757290 -841266.411746
-8072999.580191 -841276.364201
-8072997.403091 -841286.316656
-8072995.225992 -841296.269111
-8072993.048892 -841306.221566
-8072990.871793 -841316.174021
-8072988.694693 -841326.126476
-8072986.932279 -841335.871588
-8072985.169865 -841345.616700
-8072983.407451 -841355.361812
-8072981.645037 -841365.106925
-8072979.882624 -841374.852037
-8072978.120210 -841384.597149
-8072976.357796 -841394.342261
-8072974.595382 -841404.087373
-8072972.832968 -841413.832485
-8072971.070554 -841423.577598
-8072969.308140 -841433.322710
-8072967.545726 -841443.067822
-8072965.057612 -841452.637490
-8072962.569499 -841462.207158
-8072960.081385 -841471.776827
-8072957.593271 -841481.346495
-8072955.105157 -841490.916163
-8072952.617044 -841500.485831
-8072950.128930 -841510.055500
-8072947.640816 -841519.625168
-8072945.152702 -841529.194836
-8072942.664589 -841538.764504
-8072940.176475 -841548.334173
-8072937.688361 -841557.903841
-8072935.200247 -841567.473509
-8072932.825230 -841576.860484
-8072930.450212 -841586.247458
-8072928.075194 -841595.634433
-8072925.700177 -841605.021408
-8072923.325159 -841614.408382
-8072920.950141 -841623.795357
-8072918.575124 -841633.182331
-8072916.200106 -841642.569306
-8072913.825088 -841651.956281
-8072911.450071 -841661.343255
-8072909.075053 -841670.730230
-8072906.586939 -841680.786356
-8072904.098826 -841690.842482
-8072901.610712 -841700.898609
-8072899.122598 -841710.954735
-8072896.634484 -841721.010862
-8072894.146371 -841731.066988
-8072891.658257 -841741.123114
-8072889.170143 -841751.179241
-8072886.682029 -841761.235367
-8072884.193916 -841771.291494
-8072881.705802 -841781.347620
-8072879.217688 -841791.403746
-8072876.853980 -841801.480607
-8072874.490272 -841811.557468
-8072872.126564 -841821.634328
-8072869.762856 -841831.711189
-8072867.399148 -841841.788050
-8072865.035440 -841851.864910
-8072862.671732 -841861.941771
-8072860.308024 -841872.018632
-8072857.944316 -841882.095492
-8072855.580608 -841892.172353
-8072853.403508 -841901.710122
-8072851.226409 -841911.247892
-8072849.049309 -841920.785661
-8072846.872209 -841930.323431
-8072844.695110 -841939.861200
-8072842.518010 -841949.398969
-8072840.340911 -841958.936739
-8072838.163811 -841968.474508
-8072835.986712 -841978.012277
-8072833.809612 -841987.550047
-8072831.632513 -841997.087816
-8072829.455413 -842006.625585
-8072827.216111 -842016.826852
-8072824.976809 -842027.028118
-8072822.737506 -842037.229385
-8072820.498204 -842047.430651
-8072818.258901 -842057.631917
-8072816.019599 -842067.833184
-8072813.780297 -842078.034450
-8072811.540994 -842088.235716
-8072809.301692 -842098.436983
-8072807.062390 -842108.638249
-8072805.435546 -842118.877794
-8072803.808702 -842129.117339
-8072802.181859 -842139.356884
-8072800.555015 -842149.596429
-8072798.928172 -842159.835974
-8072797.301328 -842170.075519
-8072795.674484 -842180.315064
-8072794.047641 -842190.554609
-8072792.420797 -842200.794154
-8072790.793954 -842211.033699
-8072789.167110 -842221.273244
-8072787.540266 -842231.512789
-8072785.913423 -842241.752334
-8072785.557978 -842252.237957
-8072785.202533 -842262.723579
-8072784.847088 -842273.209201
-8072784.491643 -842283.694823
-8072784.136199 -842294.180446
-8072783.780754 -842304.666068
-8072783.425309 -842315.151690
-8072783.425309 -842325.570666
-8072783.425309 -842335.989643
-8072783.425309 -842346.408619
-8072783.425309 -842356.827595
-8072783.425309 -842367.246572
-8072783.425309 -842377.665548
-8072783.425309 -842388.084524
-8072783.425309 -842398.503500
-8072784.313921 -842408.367094
-8072785.202533 -842418.230688
-8072786.091145 -842428.094282
-8072786.979757 -842437.957876
-8072787.868369 -842447.821469
-8072788.756981 -842457.685063
-8072789.645593 -842467.548657
-8072790.534205 -842477.412251
-8072791.422817 -842487.275845
-8072792.311429 -842497.139438
-8072793.200042 -842507.003032
-8072794.088654 -842516.866626
-8072794.977266 -842526.730220
-8072795.865878 -842536.593813
-8072797.223031 -842546.206980
-8072798.580184 -842555.820147
-8072799.937337 -842565.433314
-8072801.294489 -842575.046480
-8072802.651642 -842584.659647
-8072804.008795 -842594.272814
-8072805.365948 -842603.885981
-8072806.723101 -842613.499147
-8072808.080254 -842623.112314
-8072809.437407 -842632.725481
-8072810.794560 -842642.338648
-8072812.571784 -842651.846797
-8072814.349008 -842661.354946
-8072816.126232 -842670.863095
-8072817.903457 -842680.371243
-8072819.680681 -842689.879392
-8072821.457905 -842699.387541
-8072823.235129 -842708.895690
-8072825.012353 -842718.403839
-8072826.789577 -842727.911988
-8072828.566801 -842737.420137
-8072830.344025 -842746.928286
-8072832.121249 -842756.436435
-8072833.898474 -842765.944584
-8072835.675698 -842775.452733
-8072838.993183 -842784.783160
-8072842.310668 -842794.113586
-8072845.628153 -842803.444013
-8072848.945638 -842812.774439
-8072852.263123 -842822.104866
-8072855.580608 -842831.435292
-8072858.898093 -842840.765719
-8072862.215578 -842850.096145
-8072865.533063 -842859.426572
-8072868.850548 -842868.756999
-8072872.168033 -842878.087425
-8072875.485518 -842887.417852
-8072879.839717 -842896.644607
-8072884.193916 -842905.871362
-8072888.548115 -842915.098117
-8072892.902314 -842924.324872
-8072897.256513 -842933.551627
-8072901.610712 -842942.778382
-8072905.964911 -842952.005138
-8072910.319110 -842961.231893
-8072914.673309 -842970.458648
-8072919.027508 -842979.685403
-8072923.381707 -842988.912158
-8072927.735906 -842998.138913
-8072931.882762 -843007.365669
-8072936.029619 -843016.592424
-8072940.176475 -843025.819179
-8072944.323331 -843035.045934
-8072948.470187 -843044.272689
-8072952.617044 -843053.499444
-8072956.763900 -843062.726199
-8072960.910756 -843071.952954
-8072965.057612 -843081.179710
-8072969.204469 -843090.406465
-8072973.351325 -843099.633220
-8072977.498181 -843108.859975
-8072980.566855 -843118.148933
-8072983.635528 -843127.437891
-8072986.704202 -843136.726849
-8072989.772876 -843146.015807
-8072992.841549 -843155.304765
-8072995.910223 -843164.593723
-8072998.978897 -843173.882681
-8073002.047570 -843183.171639
-8073005.116244 -843192.460597
-8073008.184917 -843201.749555
-8073011.253591 -843211.038513
-8073014.322265 -843220.327471
-8073017.390938 -843229.616429
-8073020.459612 -843238.905387
-8073023.528285 -843248.194345
-8073026.016399 -843258.043128
-8073028.504513 -843267.891912
-8073030.992627 -843277.740696
-8073033.480740 -843287.589479
-8073035.968854 -843297.438263
-8073038.456968 -843307.287046
-8073040.945082 -843317.135830
-8073043.433195 -843326.984613
-8073045.921309 -843336.833397
-8073048.409423 -843346.682181
-8073050.897537 -843356.530964
-8073053.385650 -843366.379748
-8073055.500547 -843375.710174
-8073057.615444 -843385.040601
-8073059.730340 -843394.371027
-8073061.845237 -843403.701454
-8073063.960134 -843413.031881
-8073066.075031 -843422.362307
-8073068.189927 -843431.692734
-8073070.304824 -843441.023160
-8073072.419721 -843450.353587
-8073074.534617 -843459.684013
-8073075.640446 -843469.774697
-8073076.746274 -843479.865380
-8073077.852102 -843489.956064
-8073078.957931 -843500.046747
-8073080.063759 -843510.137431
-8073081.169587 -843520.228114
-8073082.275416 -843530.318798
-8073083.381244 -843540.409482
-8073084.487072 -843550.500165
-8073083.776183 -843560.452620
-8073083.065293 -843570.405075
-8073082.354403 -843580.357530
-8073081.643514 -843590.309985
-8073080.932624 -843600.262440
-8073080.221734 -843610.214895
-8073079.510845 -843620.167350
-8073078.799955 -843630.119805
-8073078.089065 -843640.072260
-8073077.378176 -843650.024715
-8073076.667286 -843659.977170
-8073075.956397 -843669.929625
-8073075.245507 -843679.882080
-8073074.534617 -843689.834535
-8073070.802447 -843699.061290
-8073067.070276 -843708.288045
-8073063.338105 -843717.514800
-8073059.605935 -843726.741555
-8073055.873764 -843735.968311
-8073052.141594 -843745.195066
-8073048.409423 -843754.421821
-8073044.677252 -843763.648576
-8073040.945082 -843772.875331
-8073037.212911 -843782.102086
-8073033.480740 -843791.328841
-8073029.748570 -843800.555597
-8073024.093766 -843809.037803
-8073018.438962 -843817.520008
-8073012.784158 -843826.002214
-8073007.129354 -843834.484420
-8073001.474550 -843842.966626
-8072995.819746 -843851.448832
-8072990.164942 -843859.931038
-8072984.510138 -843868.413244
-8072978.855334 -843876.895450
-8072973.200530 -843885.377656
-8072967.545726 -843893.859862
-8072960.288728 -843901.116860
-8072953.031729 -843908.373859
-8072945.774731 -843915.630857
-8072938.517732 -843922.887856
-8072931.260734 -843930.144854
-8072924.003736 -843937.401853
-8072916.746737 -843944.658851
-8072909.489739 -843951.915849
-8072902.232740 -843959.172848
-8072894.975742 -843966.429846
-8072887.718743 -843973.686845
-8072880.461745 -843980.943843
-8072873.412089 -843987.475142
-8072866.362434 -843994.006440
-8072859.312778 -844000.537739
-8072852.263123 -844007.069038
-8072845.213467 -844013.600336
-8072838.163811 -844020.131635
-8072831.114156 -844026.662933
-8072824.064500 -844033.194232
-8072817.014845 -844039.725530
-8072809.965189 -844046.256829
-8072802.915533 -844052.788128
-8072795.865878 -844059.319426
-8072786.818191 -844063.956365
-8072777.770505 -844068.593305
-8072768.722819 -844073.230244
-8072759.675132 -844077.867183
-8072750.627446 -844082.504122
-8072741.579760 -844087.141062
-8072732.532073 -844091.778001
-8072723.484387 -844096.414940
-8072714.436701 -844101.051879
-8072705.389014 -844105.688819
-8072696.341328 -844110.325758
-8072686.388873 -844113.643243
-8072676.436418 -844116.960728
-8072666.483963 -844120.278213
-8072656.531508 -844123.595698
-8072646.579053 -844126.913183
-8072636.626598 -844130.230668
-8072626.674143 -844133.548153
-8072616.721688 -844136.865638
-8072606.769233 -844140.183123
-8072597.083362 -844140.716290
-8072587.397490 -844141.249457
-8072577.711619 -844141.782625
-8072568.025747 -844142.315792
-8072558.339876 -844142.848959
-8072548.654005 -844143.382126
-8072538.968133 -844143.915294
-8072529.282262 -844144.448461
-8072519.596391 -844144.981628
-8072509.910519 -844145.514795
-8072500.224648 -844146.047962
-8072490.538777 -844146.581130
-8072480.852905 -844147.114297
-8072471.167034 -844147.647464
-8072461.481162 -844147.292019
-8072451.795291 -844146.936575
-8072442.109420 -844146.581130
-8072432.423548 -844146.225685
-8072422.737677 -844145.870240
-8072413.051806 -844145.514795
-8072403.365934 -844145.159350
-8072393.680063 -844144.803906
-8072383.994191 -844144.448461
-8072374.308320 -844144.093016
-8072364.622449 -844143.737571
-8072354.936577 -844143.382126
-8072345.250706 -844143.026682
-8072335.564835 -844142.671237
-8072326.607625 -844138.939066
-8072317.650416 -844135.206895
-8072308.693206 -844131.474725
-8072299.735997 -844127.742554
-8072290.778787 -844124.010384
-8072281.821578 -844120.278213
-8072272.864368 -844116.546042
-8072263.907159 -844112.813872
-8072254.949949 -844109.081701
-8072245.992740 -844105.349530
-8072237.035530 -844101.617360
-8072228.078321 -844097.885189
-8072219.121111 -844094.153019
-8072210.163902 -844090.420848
-8072201.206692 -844086.688677
-8072193.669171 -844080.102494
-8072186.131650 -844073.516311
-8072178.594129 -844066.930127
-8072171.056608 -844060.343944
-8072163.519087 -844053.757760
-8072155.981566 -844047.171577
-8072148.444045 -844040.585393
-8072140.906524 -844033.999210
-8072133.369003 -844027.413026
-8072125.831482 -844020.826843
-8072118.293961 -844014.240659
-8072110.756440 -844007.654476
-8072103.218919 -844001.068293
-8072095.681398 -843994.482109
-8072088.143876 -843987.895926
-8072080.606355 -843981.309742
-8072073.068834 -843974.723559
-8072066.972956 -843966.512783
-8072060.877077 -843958.302008
-8072054.781198 -843950.091233
-8072048.685320 -843941.880457
-8072042.589441 -843933.669682
-8072036.493562 -843925.458907
-8072030.397684 -843917.248131
-8072024.301805 -843909.037356
-8072018.205926 -843900.826581
-8072012.110048 -843892.615805
-8072008.264781 -843883.228831
-8072004.419514 -843873.841856
-8072000.574247 -843864.454881
-8071996.728981 -843855.067907
-8071992.883714 -843845.680932
-8071989.038447 -843836.293958
-8071985.193181 -843826.906983
-8071981.347914 -843817.520008
-8071977.502647 -843808.133034
-8071973.657381 -843798.746059
-8071969.812114 -843789.359085
-8071968.390335 -843779.228907
-8071966.968555 -843769.098730
-8071965.546776 -843758.968553
-8071964.124997 -843748.838375
-8071962.703217 -843738.708198
-8071961.281438 -843728.578020
-8071959.859659 -843718.447843
-8071958.437880 -843708.317666
-8071957.016100 -843698.187488
-8071955.594321 -843688.057311
-8071954.172542 -843677.927133
-8071952.750762 -843667.796956
-8071951.328983 -843657.666779
-8071949.907204 -843647.536601
-8071951.151261 -843637.350886
-8071952.395318 -843627.165170
-8071953.639375 -843616.979454
-8071954.883431 -843606.793739
-8071956.127488 -843596.608023
-8071957.371545 -843586.422307
-8071958.615602 -843576.236592
-8071959.859659 -843566.050876
-8071961.103716 -843555.865160
-8071962.347773 -843545.679445
-8071963.591830 -843535.493729
-8071964.835886 -843525.308013
-8071966.079943 -843515.122298
-8071967.324000 -843504.936582
-8071968.568057 -843494.750866
-8071969.812114 -843484.565151
-8071972.134353 -843475.110319
-8071974.456593 -843465.655486
-8071976.778832 -843456.200654
-8071979.101072 -843446.745822
-8071981.423311 -843437.290990
-8071983.745551 -843427.836157
-8071986.067790 -843418.381325
-8071988.390030 -843408.926493
-8071990.712269 -843399.471661
-8071993.034509 -843390.016828
-8071995.356748 -843380.561996
-8071997.678988 -843371.107164
-8072000.001227 -843361.652332
-8072002.323467 -843352.197499
-8072004.645706 -843342.742667
-8072010.451305 -843334.804400
-8072016.256904 -843326.866132
-8072022.062503 -843318.927864
-8072027.868101 -843310.989597
-8072033.673700 -843303.051329
-8072039.479299 -843295.113061
-8072045.284898 -843287.174794
-8072051.090496 -843279.236526
-8072056.896095 -843271.298258
-8072062.701694 -843263.359991
-8072068.507292 -843255.421723
-8072074.312891 -843247.483455
-8072080.118490 -843239.545188
-8072085.924089 -843231.606920
-8072091.729687 -843223.668652
-8072097.535286 -843215.730385
-8072103.340885 -843207.792117
-8072109.146484 -843199.853849
-8072114.952082 -843191.915582
-8072120.757681 -843183.977314
-8072126.563280 -843176.039046
-8072132.833327 -843168.176607
-8072139.103373 -843160.314167
-8072145.373420 -843152.451728
-8072151.643466 -843144.589288
-8072157.913513 -843136.726849
-8072164.183560 -843128.864410
-8072170.453606 -843121.001970
-8072176.723653 -843113.139531
-8072182.993700 -843105.277091
-8072189.263746 -843097.414652
-8072195.533793 -843089.552212
-8072201.803840 -843081.689773
-8072208.073886 -843073.827334
-8072214.343933 -843065.964894
-8072220.613980 -843058.102455
-8072226.884026 -843050.240015
-8072233.154073 -843042.377576
-8072239.424119 -843034.515136
-8072245.694166 -843026.652697
-8072251.964213 -843018.790257
-8072258.234259 -843010.927818
-8072264.504306 -843003.065379
-8072270.774353 -842995.202939
-8072277.044399 -842987.340500
-8072283.314446 -842979.478060
-8072288.456548 -842970.852599
-8072293.598649 -842962.227138
-8072298.740751 -842953.601677
-8072303.882853 -842944.976216
-8072309.024955 -842936.350755
-8072314.167056 -842927.725294
-8072319.309158 -842919.099833
-8072324.451260 -842910.474372
-8072329.593362 -842901.848911
-8072334.735463 -842893.223450
-8072339.877565 -842884.597989
-8072345.019667 -842875.972528
-8072350.161769 -842867.347067
-8072355.303870 -842858.721606
-8072360.445972 -842850.096145
-8072364.255896 -842841.076733
-8072368.065820 -842832.057321
-8072371.875745 -842823.037908
-8072375.685669 -842814.018496
-8072379.495593 -842804.999084
-8072383.305517 -842795.979671
-8072387.115441 -842786.960259
-8072390.925365 -842777.940847
-8072394.735290 -842768.921434
-8072398.545214 -842759.902022
-8072402.355138 -842750.882610
-8072406.165062 -842741.863197
-8072409.974986 -842732.843785
-8072413.784911 -842723.824373
-8072417.594835 -842714.804960
-8072421.404759 -842705.785548
-8072422.814690 -842695.667219
-8072424.224621 -842685.548890
-8072425.634552 -842675.430560
-8072427.044483 -842665.312231
-8072428.454414 -842655.193902
-8072429.864346 -842645.075573
-8072431.274277 -842634.957244
-8072432.684208 -842624.838914
-8072434.094139 -842614.720585
-8072435.504070 -842604.602256
-8072436.914001 -842594.483927
-8072438.323932 -842584.365597
-8072439.733863 -842574.247268
-8072441.143795 -842564.128939
-8072442.553726 -842554.010610
-8072441.853944 -842544.135908
-8072441.154162 -842534.261207
-8072440.454380 -842524.386505
-8072439.754598 -842514.511804
-8072439.054816 -842504.637102
-8072438.355034 -842494.762401
-8072437.655252 -842484.887700
-8072436.955470 -842475.012998
-8072436.255688 -842465.138297
-8072435.555906 -842455.263595
-8072434.856124 -842445.388894
-8072434.156342 -842435.514192
-8072433.456560 -842425.639491
-8072432.756778 -842415.764790
-8072432.056996 -842405.890088
-8072431.357214 -842396.015387
-8072428.691378 -842386.596099
-8072426.025542 -842377.176811
-8072423.359705 -842367.757523
-8072420.693869 -842358.338236
-8072418.028033 -842348.918948
-8072415.362197 -842339.499660
-8072412.696361 -842330.080372
-8072410.030525 -842320.661085
-8072407.364688 -842311.241797
-8072404.698852 -842301.822509
-8072402.033016 -842292.403221
-8072399.367180 -842282.983934
-8072396.701344 -842273.564646
-8072394.035508 -842264.145358
-8072389.805714 -842254.939337
-8072385.575921 -842245.733316
-8072381.346128 -842236.527296
-8072377.116334 -842227.321275
-8072372.886541 -842218.115254
-8072368.656747 -842208.909233
-8072364.426954 -842199.703212
-8072360.197161 -842190.497191
-8072355.967367 -842181.291170
-8072351.737574 -842172.085150
-8072347.507781 -842162.879129
-8072343.277987 -842153.673108
-8072339.048194 -842144.467087
-8072334.818400 -842135.261066
-8072330.588607 -842126.055045
-8072324.290569 -842118.201936
-8072317.992531 -842110.348827
-8072311.694493 -842102.495718
-8072305.396455 -842094.642609
-8072299.098418 -842086.789500
-8072292.800380 -842078.936391
-8072286.502342 -842071.083282
-8072280.204304 -842063.230173
-8072273.906266 -842055.377064
-8072267.608228 -842047.523955
-8072261.310190 -842039.670846
-8072255.012152 -842031.817737
-8072248.714114 -842023.964628
-8072242.416076 -842016.111519
-8072236.118038 -842008.258410
-8072229.820000 -842000.405301
-8072221.609225 -841994.765577
-8072213.398450 -841989.125852
-8072205.187674 -841983.486128
-8072196.976899 -841977.846403
-8072188.766124 -841972.206679
-8072180.555348 -841966.566954
-8072172.344573 -841960.927230
-8072164.133797 -841955.287505
-8072155.923022 -841949.647781
-8072147.712247 -841944.008056
-8072139.501471 -841938.368332
-8072131.290696 -841932.728607
-8072123.079921 -841927.088883
-8072114.869145 -841921.449158
-8072106.658370 -841915.809434
-8072097.452349 -841911.745515
-8072088.246328 -841907.681595
-8072079.040307 -841903.617676
-8072069.834286 -841899.553757
-8072060.628266 -841895.489838
-8072051.422245 -841891.425919
-8072042.216224 -841887.362000
-8072033.010203 -841883.298081
-8072023.804182 -841879.234162
-8072014.598161 -841875.170243
-8072005.392140 -841871.106323
-8071996.186120 -841867.042404
-8071986.980099 -841862.978485
-8071977.774078 -841858.914566
-8071968.568057 -841854.850647
-8071958.947351 -841853.689527
-8071949.326644 -841852.528407
-8071939.705938 -841851.367288
-8071930.085231 -841850.206168
-8071920.464525 -841849.045048
-8071910.843818 -841847.883928
-8071901.223112 -841846.722809
-8071891.602405 -841845.561689
-8071881.981699 -841844.400569
-8071872.360992 -841843.239449
-8071862.740286 -841842.078330
-8071853.119579 -841840.917210
-8071843.498873 -841839.756090
-8071833.878166 -841838.594970
-8071824.257460 -841837.433851
-8071814.400701 -841837.816637
-8071804.543943 -841838.199424
-8071794.687185 -841838.582211
-8071784.830427 -841838.964998
-8071774.973668 -841839.347784
-8071765.116910 -841839.730571
-8071755.260152 -841840.113358
-8071745.403393 -841840.496145
-8071735.546635 -841840.878931
-8071725.689877 -841841.261718
-8071715.833118 -841841.644505
-8071705.976360 -841842.027291
-8071696.119602 -841842.410078
-8071686.313506 -841843.946854
-8071676.507411 -841845.483630
-8071666.701316 -841847.020407
-8071656.895220 -841848.557183
-8071647.089125 -841850.093959
-8071637.283030 -841851.630735
-8071627.476934 -841853.167511
-8071617.670839 -841854.704287
-8071607.864744 -841856.241063
-8071598.058648 -841857.777840
-8071588.252553 -841859.314616
-8071578.446458 -841860.851392
-8071568.640362 -841862.388168
-8071558.834267 -841863.924944
-8071549.028171 -841865.461720
-8071539.222076 -841866.998496
-8071529.415981 -841868.535273
-8071519.536706 -841870.364768
-8071509.657430 -841872.194263
-8071499.778155 -841874.023759
-8071489.898880 -841875.853254
-8071480.019605 -841877.682750
-8071470.140330 -841879.512245
-8071460.261055 -841881.341740
-8071450.381779 -841883.171236
-8071440.502504 -841885.000731
-8071430.623229 -841886.830227
-8071420.743954 -841888.659722
-8071410.864679 -841890.489217
-8071400.985404 -841892.318713
-8071391.106128 -841894.148208
-8071381.226853 -841895.977704
-8071371.347578 -841897.807199
-8071361.468303 -841899.636694
-8071351.654076 -841902.263037
-8071341.839850 -841904.889379
-8071332.025624 -841907.515721
-8071322.211397 -841910.142063
-8071312.397171 -841912.768406
-8071302.582944 -841915.394748
-8071292.768718 -841918.021090
-8071282.954491 -841920.647433
-8071273.140265 -841923.273775
-8071263.326038 -841925.900117
-8071253.511812 -841928.526460
-8071243.697586 -841931.152802
-8071233.883359 -841933.779144
-8071224.069133 -841936.405486
-8071214.254906 -841939.031829
-8071204.440680 -841941.658171
-8071194.626453 -841944.284513
-8071184.812227 -841946.910856
-8071175.170786 -841949.243462
-8071165.529345 -841951.576069
-8071155.887905 -841953.908675
-8071146.246464 -841956.241282
-8071136.605023 -841958.573889
-8071126.963582 -841960.906495
-8071117.322142 -841963.239102
-8071107.680701 -841965.571709
-8071098.039260 -841967.904315
-8071088.397819 -841970.236922
-8071078.756378 -841972.569529
-8071069.114938 -841974.902135
-8071059.473497 -841977.234742
-8071049.832056 -841979.567348
-8071040.190615 -841981.899955
-8071030.549175 -841984.232562
-8071020.762594 -841986.969487
-8071010.976013 -841989.706412
-8071001.189432 -841992.443337
-8070991.402852 -841995.180262
-8070981.616271 -841997.917187
-8070971.829690 -842000.654112
-8070962.043109 -842003.391038
-8070952.256529 -842006.127963
-8070942.469948 -842008.864888
-8070932.683367 -842011.601813
-8070922.896787 -842014.338738
-8070913.110206 -842017.075663
-8070903.323625 -842019.812588
-8070893.537044 -842022.549513
-8070883.750464 -842025.286439
-8070874.031269 -842027.852306
-8070864.312075 -842030.418173
-8070854.592881 -842032.984040
-8070844.873686 -842035.549908
-8070835.154492 -842038.115775
-8070825.435298 -842040.681642
-8070815.716103 -842043.247510
-8070805.996909 -842045.813377
-8070796.277715 -842048.379244
-8070786.558520 -842050.945112
-8070776.839326 -842053.510979
-8070767.120132 -842056.076846
-8070757.400937 -842058.642713
-8070747.681743 -842061.208581
-8070737.962549 -842063.774448
-8070728.243354 -842066.340315
