0	0
-0.11044696	6.71315931
-0.22088908	13.3782163
-0.33132149	19.99548393
-0.44173934	26.56527515
-0.55213778	33.08790294
-0.66251197	39.56368024
-0.77285704	45.99292002
-0.88316815	52.37593524
-0.99344044	58.71303885
-1.10366906	65.00454383
-1.21384916	71.25076312
-1.32397589	77.45200969
-1.4340444	83.6085965
-1.54404982	89.7208365
-1.65398732	95.78904267
-1.76385204	101.813528
-1.87363912	107.7946053
-1.98334372	113.7325877
-2.09296098	119.6277881
-2.20248605	125.4805195
-2.31191408	131.2910948
-2.42124021	137.0598269
-2.5304596	142.7870289
-2.63956739	148.4730137
-2.74855873	154.1180942
-2.85742877	159.7225835
-2.96617266	165.2867945
-3.07478554	170.81104
-3.18326256	176.2956332
-3.29159886	181.740887
-3.39978961	187.1471142
-3.50782994	192.514628
-3.61571501	197.8437411
-3.72343995	203.1347667
-3.83099993	208.3880177
-3.93839008	213.6038069
-4.04560556	218.7824474
-4.15264151	223.9242522
-4.25949308	229.0295342
-4.36615541	234.0986063
-4.47262367	239.1317816
-4.57889299	244.1293729
-4.68495852	249.0916933
-4.79081541	254.0190556
-4.89645881	258.9117729
-5.00188386	263.7701582
-5.10708572	268.5945243
-5.21205953	273.3851843
-5.31680044	278.142451
-5.4213036	282.8666375
-5.52556416	287.5580568
-5.62957725	292.2170217
-5.73333804	296.8438453
-5.83684167	301.4388404
-5.94008328	306.0023201
-6.04305803	310.5345974
-6.14576106	315.0359851
-6.24818752	319.5067962
-6.35033257	323.9473438
-6.45219133	328.3579407
-6.55375898	332.7388999
-6.65503064	337.0905344
-6.75600148	341.4131572
-6.85666663	345.7070811
-6.95702125	349.9726192
-7.05706048	354.2100845
-7.15677948	358.4197898
-7.25617338	362.6020481
-7.35523734	366.7571725
-7.45396651	370.8854758
-7.55235603	374.987271
-7.65040106	379.0628711
-7.74809673	383.112589
-7.8454382	387.1367378
-7.94242062	391.1356303
-8.03903912	395.1095795
-8.13528887	399.0588984
-8.23116501	402.9838999
-8.32666268	406.8848971
-8.42177704	410.7622028
-8.51650324	414.61613
-8.61083641	418.4469917
-8.70477171	422.2551008
-8.79830429	426.0407704
-8.89142929	429.8043133
-8.98414186	433.5460425
-9.07643715	437.266271
-9.16831031	440.9653117
-9.35077083	448.3010818
-9.5314846	455.5558563
-9.71041279	462.732139
-9.8875166	469.8324335
-10.0627572	476.8592435
-10.23609578	483.8150727
-10.40749353	490.7024249
-10.57691162	497.5238035
-10.74431124	504.2817125
-10.90965357	510.9786553
-11.0728998	517.6171357
-11.23401111	524.1996575
-11.39294868	530.7287241
-11.54967369	537.2068395
-11.70414733	543.6365071
-11.85633079	550.0202308
-12.00618524	556.3605141
-12.15367143	562.6598394
-12.29873387	568.9198844
-12.44129628	575.1412986
-12.58128102	581.3246643
-12.71861047	587.4705636
-12.85320698	593.5795788
-12.98499292	599.6522922
-13.11389067	605.689286
-13.23982258	611.6911425
-13.36271103	617.6584439
-13.48247837	623.5917725
-13.59904698	629.4917105
-13.71233923	635.3588402
-13.82227747	641.1937439
-13.92878408	646.9970037
-14.03178143	652.7692019
-14.13119187	658.5109208
-14.22693777	664.2227426
-14.31894151	669.9052497
-14.40712545	675.5590241
-14.49141195	681.1846483
-14.57172339	686.7827044
-14.64798212	692.3537746
-14.72011052	697.8984413
-14.78803095	703.4172867
-14.85166577	708.9108931
-14.91093736	714.3798426
-14.96576808	719.8247176
-15.0160803	725.2461003
-15.06179638	730.6445729
-15.10283869	736.0207178
-15.1391296	741.375117
-15.17059147	746.708353
-15.21871757	757.3136641
-15.24659592	767.841309
-15.25360545	778.2959457
-15.2391251	788.6822322
-15.20253379	799.0048266
-15.14321047	809.2683869
-15.06053405	819.477571
-14.95388348	829.637037
-14.82263768	839.7514428
-14.66617559	849.8254466
-14.48387614	859.8637063
-14.27511826	869.8708799
-14.03928089	879.8516254
-13.77574295	889.8106008
-13.48390417	899.7524226
-13.16394425	909.6801473
-12.81704025	919.5948365
-12.44443432	929.4974219
-12.04736858	939.3888351
-11.62708518	949.2700076
-11.18482624	959.1418712
-10.23935032	978.8613976
-9.2208779	998.5548672
-8.13934607	1018.229733
-7.00469192	1037.893447
-5.82685253	1057.553463
-4.615765	1077.217234
-3.3813664	1096.892211
-2.13359383	1116.585849
-0.88238438	1136.3056
0.36232487	1156.058916
1.59059684	1175.853251
2.79249443	1195.696057
3.95937414	1215.59123
5.09201561	1235.516751
6.19536883	1255.439135
7.27440233	1275.324842
7.80635186	1285.243462
8.33408466	1295.140337
8.85822181	1305.011273
9.37938436	1314.85208
9.8981934	1324.658565
10.41526999	1334.426535
10.93123519	1344.151798
11.44671007	1353.830163
11.9623157	1363.457437
12.47867315	1373.029427
12.99640349	1382.541942
13.51612779	1391.99079
14.03846711	1401.371777
14.56404252	1410.680713
15.09347508	1419.913404
15.62738588	1429.065659
15.8962147	1433.610313
16.16639597	1438.133285
16.43800733	1442.634053
16.71112642	1447.112091
16.98583087	1451.566875
17.2621983	1455.997883
17.54030637	1460.404589
17.82023269	1464.78647
18.1020549	1469.143001
18.38585063	1473.473659
18.67169753	1477.777919
18.95967322	1482.055259
19.24985533	1486.305152
19.5423215	1490.527076
19.83714544	1494.720537
20.13434728	1498.88546
20.43390848	1503.022071
20.73580963	1507.130602
21.04003132	1511.211286
21.34655414	1515.264357
21.65535869	1519.290047
21.96642555	1523.28859
22.27973532	1527.260217
22.59526859	1531.205163
22.91300595	1535.12366
23.23292799	1539.01594
23.55501531	1542.882237
23.87924849	1546.722784
24.20560813	1550.537813
24.53407481	1554.327557
24.86462914	1558.09225
25.1972517	1561.832124
25.53192309	1565.547412
25.86862389	1569.238348
26.2073347	1572.905163
26.5480361	1576.548091
26.8907087	1580.167364
27.23533308	1583.763217
27.58188983	1587.335881
27.93035954	1590.885589
28.28072282	1594.412574
28.63296024	1597.91707
28.9870524	1601.399309
29.3429799	1604.859524
29.70072331	1608.297948
30.06026324	1611.714813
30.42158028	1615.110354
30.78465502	1618.484802
31.51599995	1625.171352
32.25414278	1631.776328
32.99892823	1638.301592
33.75020104	1644.749008
34.50780594	1651.120439
35.27158766	1657.417748
36.04139094	1663.642798
36.81706051	1669.797453
37.59844111	1675.883575
38.38537746	1681.903029
39.1777143	1687.857676
39.97529636	1693.749381
40.77796838	1699.580007
41.58557508	1705.351416
42.39817771	1711.065499
43.2166653	1716.72425
44.04212474	1722.329687
44.87564288	1727.883829
45.71830659	1733.388694
46.57120275	1738.8463
47.43541823	1744.258667
48.31203988	1749.627812
49.20215459	1754.955754
50.10684922	1760.244512
51.02721064	1765.496104
51.96432571	1770.712548
52.91928131	1775.895864
53.89316431	1781.048068
54.88706158	1786.171181
55.90205997	1791.267219
56.93924638	1796.338203
57.99970765	1801.38615
59.08453066	1806.413079
60.19480228	1811.421008
61.33160939	1816.411955
62.49603884	1821.38794
63.6891775	1826.35098
64.91211225	1831.303095
66.16592996	1836.246302
67.45171749	1841.18262
68.77056171	1846.114067
70.1235495	1851.042663
71.51176771	1855.970425
72.93630322	1860.899372
74.3982362	1865.831521
75.89750451	1870.768568
77.43162267	1875.711531
78.99779587	1880.661342
80.59322932	1885.618933
82.2151282	1890.585236
83.8606977	1895.561181
85.52714303	1900.547701
88.91148193	1910.55619
92.34578645	1920.618157
95.80769815	1930.741054
99.27485857	1940.932333
101.00342	1946.055946
102.7249093	1951.199449
104.4365315	1956.363774
106.1354918	1961.549852
107.8189955	1966.758616
109.4842477	1971.990997
111.1284537	1977.247927
112.7488186	1982.530336
114.3425476	1987.839158
115.9068459	1993.175322
117.4389188	1998.539762
118.9359714	2003.933408
120.3952088	2009.357193
121.8138364	2014.812047
123.1890592	2020.298902
124.5181327	2025.818656
125.8000423	2031.371007
127.0358994	2036.954182
128.2269463	2042.566319
129.374425	2048.205554
130.4795776	2053.870024
131.5436464	2059.557866
132.5678735	2065.267216
133.553501	2070.996212
134.5017709	2076.74299
135.4139256	2082.505687
136.291207	2088.282439
137.1348574	2094.071385
137.9461189	2099.870659
138.7262335	2105.6784
139.4764435	2111.492743
140.197991	2117.311827
140.8921181	2123.133786
141.560067	2128.95676
142.2030798	2134.778883
142.8223985	2140.598293
143.4192655	2146.413127
143.9949227	2152.221521
144.5506123	2158.021613
145.0875766	2163.811539
145.6070575	2169.589435
146.1102973	2175.35344
146.598538	2181.101689
147.0730219	2186.832319
147.534991	2192.543467
147.9856875	2198.23327
148.4263598	2203.899966
148.858342	2209.543162
149.2830302	2215.163458
149.7018217	2220.761475
150.116114	2226.337834
150.5273044	2231.893156
151.3459694	2242.943174
152.1689959	2253.916497
153.0075631	2264.818093
153.8728502	2275.652932
154.7760365	2286.425981
155.7283012	2297.14221
156.7408234	2307.806586
157.2731746	2313.120883
157.8247825	2318.424079
158.3970443	2323.716797
158.9913576	2328.999657
159.6091197	2334.273281
160.251728	2339.538288
160.9205799	2344.795302
161.6170728	2350.044942
162.3426042	2355.287829
163.0985714	2360.524586
163.8863719	2365.755832
164.7073151	2370.982086
165.5621151	2376.203173
166.4512384	2381.418626
167.3751508	2386.627981
168.3343182	2391.830772
169.3292064	2397.026532
170.3602811	2402.214797
171.4280081	2407.395099
172.5328533	2412.566974
173.6752825	2417.729956
174.8557614	2422.883578
176.0747558	2428.027376
177.3327316	2433.160882
178.6301546	2438.283632
179.9674905	2443.39516
181.3452052	2448.494999
182.7637644	2453.582684
184.223634	2458.65775
185.7252797	2463.719729
187.2691674	2468.768158
188.8557629	2473.802569
190.4855319	2478.822497
192.1589403	2483.827476
193.8764538	2488.817041
195.6385383	2493.790725
197.4456596	2498.748064
199.2982835	2503.68859
201.1968757	2508.611838
203.1419021	2513.517342
205.1338284	2518.404637
207.1731206	2523.273257
209.260018	2528.122736
211.3939333	2532.952608
213.5740902	2537.762408
215.7997123	2542.551669
218.0700232	2547.319925
220.3842467	2552.066712
222.7416064	2556.791563
225.141326	2561.494012
227.5826291	2566.173594
230.0647394	2570.829842
232.5868805	2575.462292
235.1482762	2580.070476
237.7481501	2584.65393
240.3857259	2589.212188
243.0602272	2593.744783
245.7708776	2598.25125
248.516901	2602.731124
251.2975208	2607.183938
254.1119608	2611.609226
256.9594447	2616.006523
259.8391961	2620.375363
262.7504387	2624.71528
265.6923961	2629.025809
268.664292	2633.306483
271.6653502	2637.556836
274.6947941	2641.776404
277.7518476	2645.96472
280.8357342	2650.121318
283.9456777	2654.245733
287.0809016	2658.337498
290.2406304	2662.396151
293.4241827	2666.421606
296.6310695	2670.414546
299.8608249	2674.375748
303.112983	2678.305987
306.3870782	2682.20604
309.6826446	2686.076683
312.9992164	2689.918693
316.3363278	2693.732846
319.693513	2697.519919
323.0703062	2701.280687
326.4662416	2705.015927
329.8808533	2708.726415
333.3136757	2712.412928
336.7642429	2716.076242
340.2320891	2719.717134
343.7167485	2723.336379
347.2177553	2726.934754
350.7346437	2730.513035
354.2669479	2734.071999
357.814202	2737.612423
361.3759404	2741.135081
364.9516971	2744.640751
368.5410065	2748.13021
375.7584197	2755.063596
383.0244537	2761.94145
390.335382	2768.769982
397.6874739	2775.555394
405.0762678	2782.302056
412.4957507	2789.010465
419.9397122	2795.68062
427.4019415	2802.31252
434.8762279	2808.906166
442.3563607	2815.461559
449.8361293	2821.978697
457.309323	2828.457581
464.7697311	2834.898211
472.2111429	2841.300588
479.6273477	2847.66471
487.012135	2853.990578
494.3592939	2860.278192
501.6626138	2866.527552
508.9158841	2872.738657
516.1142615	2878.910598
523.2623984	2885.03613
530.3689751	2891.105327
537.4426866	2897.108253
544.4922278	2903.034969
548.0106517	2905.966643
551.5262936	2908.875538
555.0402405	2911.760413
558.5535791	2914.620025
562.0673963	2917.453131
565.5827791	2920.25849
569.1008143	2923.03486
572.6225887	2925.780999
576.1491892	2928.495663
579.6817027	2931.177612
583.2212161	2933.825603
586.7688162	2936.438394
590.3255899	2939.014742
593.892624	2941.553407
597.4710055	2944.053144
601.0618212	2946.512714
604.6661579	2948.930872
608.2851026	2951.306377
611.9197421	2953.637988
615.5711632	2955.924461
619.2404529	2958.164555
622.9284508	2960.357167
626.6343973	2962.502093
630.3568966	2964.599487
634.0945515	2966.649505
637.8459643	2968.652302
641.6097378	2970.608033
645.3844746	2972.516854
649.1687772	2974.378919
652.9612483	2976.194385
656.7604904	2977.963406
660.5651061	2979.686137
664.3736981	2981.362735
668.1848689	2982.993353
671.9972211	2984.578148
675.8093574	2986.117274
679.6198803	2987.610888
683.4273924	2989.059143
687.2304963	2990.462197
691.0277946	2991.820202
694.81789	2993.133316
698.5993849	2994.401693
702.3708821	2995.625489
706.1309841	2996.804858
709.8782935	2997.939957
713.6114128	2999.03094
717.3289448	3000.077962
721.029492	3001.081179
724.7116569	3002.040747
728.3740422	3002.956819
732.0152506	3003.829553
735.6338845	3004.659102
739.2290192	3005.445741
742.801381	3006.190155
746.3520568	3006.893121
749.8821335	3007.555416
753.3926979	3008.177815
756.8848369	3008.761094
760.3596373	3009.306032
763.8181861	3009.813402
767.2615701	3010.283983
770.6908761	3010.718549
774.1071911	3011.117879
777.5116019	3011.482747
780.9051954	3011.81393
784.2890585	3012.112205
787.6642779	3012.378348
791.0319406	3012.613135
794.3931335	3012.817343
797.7489434	3012.991748
801.1004572	3013.137126
804.4487618	3013.254253
807.794944	3013.343907
811.1400907	3013.406862
814.4852887	3013.443897
817.831625	3013.455786
821.1801864	3013.443306
824.5320598	3013.407234
827.888332	3013.348346
831.2500899	3013.267418
834.6184204	3013.165227
837.9944104	3013.042549
841.3791435	3012.900156
844.7733136	3012.738434
848.1768534	3012.557002
851.5896077	3012.355397
855.0114212	3012.133152
858.4421385	3011.8898
861.8816046	3011.624878
865.329664	3011.337917
868.7861615	3011.028454
872.2509419	3010.696022
875.7238499	3010.340154
879.2047302	3009.960387
882.6934275	3009.556252
886.1897867	3009.127286
889.6936523	3008.673021
893.2048692	3008.192993
896.7232821	3007.686735
900.2487357	3007.153782
903.7810747	3006.593667
907.3201439	3006.005926
910.8657881	3005.390092
914.4178519	3004.745699
917.97618	3004.072281
921.5406173	3003.369374
925.1110084	3002.63651
928.6871981	3001.873224
932.2690312	3001.079051
935.8563522	3000.253525
939.4490061	2999.396179
943.0468374	2998.506548
946.649691	2997.584167
950.2574282	2996.62858
953.8703974	2995.639683
957.4895002	2994.617764
961.1156683	2993.563135
964.7498332	2992.476104
968.3929265	2991.356983
972.0458798	2990.206083
975.7096248	2989.023714
979.3850931	2987.810186
983.0732161	2986.565811
986.7749256	2985.290898
990.4911532	2983.985758
994.2228304	2982.650702
997.9708889	2981.28604
1001.73626	2979.892083
1005.519876	2978.469141
1009.322668	2977.017525
1013.145567	2975.537545
1016.989506	2974.029512
1020.855416	2972.493737
1024.744228	2970.930529
1028.656874	2969.3402
1032.594286	2967.72306
1036.557395	2966.079419
1040.547133	2964.409589
1044.564431	2962.713879
1048.610222	2960.9926
1052.685436	2959.246063
1056.791005	2957.474579
1060.927862	2955.678457
1065.096936	2953.858008
1069.299154	2952.013521
1073.535351	2950.145021
1077.806304	2948.252355
1082.11279	2946.335368
1086.455585	2944.393905
1090.835466	2942.427811
1095.253208	2940.43693
1099.709589	2938.421107
1104.205383	2936.380187
1108.741369	2934.314014
1113.318322	2932.222434
1117.937018	2930.105291
1122.598235	2927.962429
1127.302747	2925.793694
1132.051332	2923.59893
1136.844765	2921.377982
1141.683824	2919.130694
1146.569284	2916.856912
1151.501922	2914.55648
1156.482515	2912.229243
1161.511837	2909.875045
1166.590667	2907.493732
1171.719779	2905.085148
1176.899952	2902.649137
1182.131959	2900.185546
1187.41658	2897.694217
1192.754588	2895.174996
1198.146762	2892.627728
1203.593876	2890.052258
1209.096708	2887.448429
1214.656034	2884.816088
1220.272207	2882.155241
1225.942964	2879.466902
1231.665046	2876.752468
1237.435193	2874.013336
1243.250145	2871.250903
1249.106641	2868.466567
1255.00142	2865.661726
1260.931222	2862.837776
1266.892785	2859.996115
1272.88285	2857.13814
1278.898156	2854.26525
1284.935442	2851.37884
1290.991448	2848.48031
1303.146576	2842.652474
1315.337454	2836.792922
1327.537999	2830.912832
1339.722126	2825.023385
1351.863749	2819.135759
1363.936783	2813.261133
1369.939428	2810.332188
1375.915145	2807.410686
1381.860671	2804.498024
1387.772748	2801.595599
1393.648114	2798.704808
1399.483509	2795.827049
1405.276966	2792.963443
1411.030845	2790.114181
1416.748405	2787.279265
1422.432907	2784.458694
1428.087611	2781.652468
1433.71578	2778.860587
1439.320672	2776.083052
1444.905548	2773.319862
1456.028298	2767.836518
1467.110113	2762.410555
1478.177079	2757.041973
1489.255279	2751.730772
1500.3708	2746.476952
1505.950707	2743.87156
1511.549726	2741.280513
1517.171117	2738.703812
1522.818142	2736.141456
1528.49406	2733.593445
1534.202132	2731.059779
1539.945619	2728.540459
1545.727782	2726.035484
1551.55188	2723.544854
1557.421176	2721.068569
1563.338929	2718.60663
1569.308399	2716.159036
1575.33283	2713.72579
1581.413503	2711.307248
1587.548026	2708.904425
1593.733606	2706.518406
1599.967446	2704.15028
1606.246753	2701.801132
1612.568732	2699.472049
1618.930587	2697.16412
1625.329525	2694.878429
1631.762749	2692.616065
1638.227466	2690.378114
1644.72088	2688.165663
1651.240197	2685.979799
1657.782622	2683.821608
1664.34536	2681.692178
1670.925617	2679.592596
1677.520597	2677.523948
1684.127506	2675.487321
1690.743548	2673.483802
1697.36593	2671.514478
1703.991856	2669.580436
1710.618531	2667.682762
1717.243161	2665.822544
1723.862951	2664.000868
1730.475106	2662.218822
1737.076832	2660.477492
1743.665332	2658.777965
1750.237814	2657.121327
1756.791481	2655.508667
1763.32354	2653.94107
1769.831194	2652.419624
1776.3117	2650.94538
1782.763662	2649.518469
1789.187162	2648.13801
1795.582354	2646.803071
1801.949393	2645.51272
1808.288436	2644.266026
1814.599636	2643.062057
1820.883151	2641.899882
1827.139133	2640.778569
1833.36774	2639.697187
1839.569126	2638.654803
1845.743447	2637.650487
1851.890857	2636.683306
1858.011512	2635.752329
1864.105568	2634.856625
1870.173179	2633.995262
1876.214501	2633.167308
1882.22969	2632.371831
1888.218899	2631.607901
1894.182286	2630.874585
1900.120004	2630.170952
1906.032209	2629.49607
1911.919057	2628.849008
1917.780702	2628.228834
1923.617301	2627.634616
1929.429008	2627.065423
1935.215978	2626.520324
1940.978367	2625.998386
1946.71633	2625.498678
1952.430023	2625.020268
1958.1196	2624.562225
1963.785278	2624.123742
1969.427991	2623.705439
1975.049128	2623.308856
1980.650085	2622.935543
1986.232261	2622.587055
1991.797053	2622.264943
1997.345859	2621.970761
2002.880075	2621.706061
2008.401099	2621.472396
2013.910329	2621.271317
2019.409162	2621.104379
2024.898995	2620.973134
2030.381226	2620.879134
2035.857252	2620.823932
2041.32847	2620.809081
2046.796279	2620.836134
2052.262075	2620.906642
2057.727255	2621.022159
2063.193218	2621.184238
2068.661361	2621.39443
2074.13308	2621.65429
2079.609774	2621.965369
2085.092839	2622.32922
2090.583674	2622.747395
2096.083675	2623.221448
2101.594241	2623.752932
2107.116767	2624.343398
2112.652653	2624.994399
2118.203295	2625.707489
2123.77009	2626.484219
2129.354436	2627.326143
2134.957491	2628.234504
2140.578994	2629.208725
2146.218171	2630.247565
2151.874246	2631.349783
2157.546441	2632.514135
2163.233981	2633.739379
2168.936089	2635.024275
2174.651989	2636.367578
2180.380905	2637.768048
2186.12206	2639.224442
2191.874677	2640.735518
2197.637982	2642.300034
2203.411196	2643.916748
2209.193545	2645.584417
2214.984251	2647.3018
2220.782538	2649.067654
2226.58763	2650.880737
2232.398751	2652.739807
2238.215124	2654.643622
2244.035973	2656.59094
2249.860521	2658.580519
2255.687993	2660.611116
2261.517611	2662.681489
2267.3486	2664.790397
2273.180183	2666.936597
2279.011584	2669.118846
2284.842027	2671.335904
2290.670735	2673.586527
2296.496932	2675.869474
2302.319841	2678.183502
2308.138687	2680.52737
2313.952435	2682.90022
2319.759231	2685.302429
2325.557057	2687.734617
2331.343894	2690.197406
2337.117723	2692.691416
2342.876526	2695.217268
2348.618286	2697.775584
2354.340982	2700.366985
2360.042597	2702.992092
2365.721112	2705.651526
2371.374509	2708.345907
2377.00077	2711.075858
2382.597875	2713.841998
2388.163807	2716.64495
2393.696546	2719.485334
2399.194075	2722.363771
2404.654375	2725.280882
2410.075427	2728.237289
2415.455213	2731.233612
2420.791715	2734.270473
2426.082914	2737.348493
2431.326792	2740.468292
2436.521329	2743.630492
2441.664508	2746.835713
2446.754311	2750.084578
2451.788718	2753.377706
2456.765711	2756.715719
2461.683272	2760.099239
2466.539383	2763.528885
2471.332024	2767.00528
2476.059191	2770.529036
2480.720068	2774.100042
2485.315986	2777.716881
2489.848496	2781.377999
2494.319152	2785.081846
2498.729506	2788.826867
2503.08111	2792.611511
2507.375518	2796.434224
2511.614282	2800.293454
2515.798954	2804.187649
2519.931088	2808.115255
2524.012236	2812.07472
2528.043951	2816.064491
2532.027785	2820.083016
2535.965292	2824.128742
2539.858023	2828.200116
2543.707531	2832.295585
2547.515369	2836.413598
2551.283091	2840.5526
2555.012247	2844.71104
2558.704392	2848.887366
2562.361077	2853.080023
2565.983856	2857.28746
2569.574281	2861.508123
2573.133905	2865.740461
2576.66428	2869.982921
2580.166959	2874.233949
2583.643495	2878.491994
2587.095441	2882.755502
2590.524348	2887.022921
2597.319232	2895.563312
2604.036701	2904.105
2610.677661	2912.648229
2617.242114	2921.194241
2623.730058	2929.744278
2630.141494	2938.299582
2636.476422	2946.861396
2642.734843	2955.430962
2648.916754	2964.009521
2655.022158	2972.598317
2661.051054	2981.19859
2667.003442	2989.811584
2672.879321	2998.43854
2678.678693	3007.080701
2684.401556	3015.739308
2690.047912	3024.415604
2695.617264	3033.110212
2701.105921	3041.81976
2703.818438	3046.178585
2706.508918	3050.539282
2709.176741	3054.901231
2711.821285	3059.26381
2714.441931	3063.626399
2717.038055	3067.988375
2719.609038	3072.349119
2722.154258	3076.70801
2724.673095	3081.064425
2727.164927	3085.417744
2729.629133	3089.767346
2732.065092	3094.11261
2734.472183	3098.452915
2736.849785	3102.787639
2739.197277	3107.116163
2741.514038	3111.437863
2743.799446	3115.752121
2746.052881	3120.058313
2748.273722	3124.355821
2750.461347	3128.644021
2752.615136	3132.922294
2754.734467	3137.190018
2756.81872	3141.446572
2758.867273	3145.691335
2760.879504	3149.923686
2762.854795	3154.143004
2764.792522	3158.348668
2766.692101	3162.540237
2768.553151	3166.718288
2770.375361	3170.883752
2772.15842	3175.03756
2773.902018	3179.180644
2775.605844	3183.313936
2777.269588	3187.438368
2778.892939	3191.55487
2780.475587	3195.664374
2782.017221	3199.767813
2783.517531	3203.866118
2784.976206	3207.960219
2786.392935	3212.05105
2787.767408	3216.139541
2789.099315	3220.226624
2790.388345	3224.313231
2791.634188	3228.400293
2792.836532	3232.488742
2793.995067	3236.57951
2795.109484	3240.673527
2796.179471	3244.771727
2797.204717	3248.875039
2798.184913	3252.984397
2799.119747	3257.100731
2800.00891	3261.224973
2800.85209	3265.358055
2801.648977	3269.500908
2802.399261	3273.654464
2803.102631	3277.819655
2803.758776	3281.997412
2804.367386	3286.188666
2804.928285	3290.394484
2805.441705	3294.61634
2805.907956	3298.855787
2806.327349	3303.114377
2806.700195	3307.393663
2807.026804	3311.695197
2807.307487	3316.020533
2807.542554	3320.371224
2807.732315	3324.74882
2807.877082	3329.154877
2807.977165	3333.590945
2808.032874	3338.058578
2808.04452	3342.559328
2808.012413	3347.094749
2807.936864	3351.666392
2807.818184	3356.275811
2807.656682	3360.924557
2807.452671	3365.614185
2807.206459	3370.346246
2806.918358	3375.122293
2806.588678	3379.943878
2806.217729	3384.812555
2805.805823	3389.729877
2805.35327	3394.697395
2804.86038	3399.716662
2804.327463	3404.789232
2803.754831	3409.916656
2803.142794	3415.100488
2802.491662	3420.34228
2801.801747	3425.643584
2801.073363	3431.005932
2800.307253	3436.42904
2799.504897	3441.909491
2798.667848	3447.443559
2797.797658	3453.027519
2796.89588	3458.657643
2795.964066	3464.330205
2795.00377	3470.041478
2794.016544	3475.787737
2793.00394	3481.565255
2791.967512	3487.370305
2790.908811	3493.199162
2789.829391	3499.048097
2788.730805	3504.913387
2786.482342	3516.678119
2784.175845	3528.463547
2781.823734	3540.239861
2779.438431	3551.977247
2778.237214	3557.822027
2777.032357	3563.645896
2775.825412	3569.445128
2774.617934	3575.215996
2773.411473	3580.954774
2772.207582	3586.657736
2771.007815	3592.321155
2769.813724	3597.941304
2768.626862	3603.514458
2767.448753	3609.037013
2766.280254	3614.508253
2765.121551	3619.930379
2763.9728	3625.305719
2762.834154	3630.636603
2761.705771	3635.925359
2760.587804	3641.174317
2759.480409	3646.385805
2758.383742	3651.562152
2757.297957	3656.705688
2756.223211	3661.818742
2755.159658	3666.903642
2754.107453	3671.962717
2753.066752	3676.998297
2752.03771	3682.012711
2750.015224	3691.987354
2748.041237	3701.905279
2746.116992	3711.785118
2744.243731	3721.645504
2742.422695	3731.505068
2740.655127	3741.382441
2738.94227	3751.296257
2738.106745	3756.272654
2737.285364	3761.265147
2736.478264	3766.275926
2735.685399	3771.305712
2734.906615	3776.354362
2734.141758	3781.421719
2733.390671	3786.507629
2732.6532	3791.611936
2731.92919	3796.734485
2731.218484	3801.875122
2730.520929	3807.033689
2729.836368	3812.210034
2729.164646	3817.403999
2728.505608	3822.61543
2727.859099	3827.844171
2727.224964	3833.090068
2725.993192	3843.632706
2724.809052	3854.242102
2723.6713	3864.917014
2722.578694	3875.656199
2721.529993	3886.458415
2720.523954	3897.322421
2719.559335	3908.246974
2718.634894	3919.230832
2717.749484	3930.272772
2716.904741	3941.372127
2716.105462	3952.528863
2715.356615	3963.74298
2714.663169	3975.014478
2714.338774	3980.671745
2714.030093	3986.343358
2713.737747	3992.029315
2713.462356	3997.729618
2713.204541	4003.444266
2712.964925	4009.17326
2712.744127	4014.916598
2712.542769	4020.674282
2712.361472	4026.446311
2712.200857	4032.232686
2712.061545	4038.033406
2711.944158	4043.848471
2711.849315	4049.677881
2711.777639	4055.521637
2711.729751	4061.379737
2711.70627	4067.252183
2711.70782	4073.138975
2711.735019	4079.040111
2711.788491	4084.955593
2711.868855	4090.88542
2711.976733	4096.829593
2712.112746	4102.788111
2712.277619	4108.760974
2712.472384	4114.748182
2712.698128	4120.749735
2712.955938	4126.765634
2713.2469	4132.795878
2713.572101	4138.840467
2713.932628	4144.899402
2714.329568	4150.972682
2714.764009	4157.060307
2715.237036	4163.162277
2715.749736	4169.278593
2716.303197	4175.409254
2716.898506	4181.55426
2717.536749	4187.713612
2718.219013	4193.887308
2718.946384	4200.07535
2719.719951	4206.277738
2720.540799	4212.49447
2721.410016	4218.725548
2722.328689	4224.970971
2723.297904	4231.230739
2724.318748	4237.504853
2725.392308	4243.793312
2726.519671	4250.096116
2727.701923	4256.413265
2728.940153	4262.74476
2730.235446	4269.0906
2731.588889	4275.450785
2733.00157	4281.825316
2734.474574	4288.214191
2736.008974	4294.617409
2737.604687	4301.034747
2739.259719	4307.465617
2740.971896	4313.909399
2742.739044	4320.365472
2744.558991	4326.833214
2746.429561	4333.312004
2748.348581	4339.801222
2750.313879	4346.300247
2752.323279	4352.808456
2754.374608	4359.32523
2756.465692	4365.849947
2758.594358	4372.381986
2760.758432	4378.920726
2762.95574	4385.465546
2765.184109	4392.015825
2767.441364	4398.570941
2769.725332	4405.130275
2772.033839	4411.693203
2774.364712	4418.259107
2779.084859	4431.397354
2783.868383	4444.540046
2788.697894	4457.682215
2793.556002	4470.818892
2803.288509	4497.055892
2808.134977	4510.145471
2812.966998	4523.206564
2817.788296	4536.23172
2822.6026	4549.213486
2827.413635	4562.144407
2832.225128	4575.017033
2837.040804	4587.823909
2841.864391	4600.557583
2844.280316	4606.894641
2846.699615	4613.210603
2849.122755	4619.504538
2851.550202	4625.775515
2853.982422	4632.022601
2856.419879	4638.244866
2858.863041	4644.441378
2861.312372	4650.611204
2863.768339	4656.753414
2866.231407	4662.867077
2868.702043	4668.951259
2871.180712	4675.00503
2873.667879	4681.027458
2876.164011	4687.017612
2878.669583	4692.974672
2881.185163	4698.898933
2883.711371	4704.791319
2886.248828	4710.652761
2888.798155	4716.484191
2891.359974	4722.286541
2893.934906	4728.060741
2896.523571	4733.807725
2899.12659	4739.528423
2901.744585	4745.223766
2904.378177	4750.894688
2907.027987	4756.542118
2909.694636	4762.166989
2912.378744	4767.770233
2915.080934	4773.352781
2917.801825	4778.915564
2920.54204	4784.459514
2923.302199	4789.985563
2926.082924	4795.494643
2928.884834	4800.987684
2931.708552	4806.465619
2934.554699	4811.929379
2937.423895	4817.379896
2940.316762	4822.818101
2943.23392	4828.244927
2946.175992	4833.661303
2949.143597	4839.068163
2952.137357	4844.466438
2955.157893	4849.857059
2958.205826	4855.240959
2961.281777	4860.619067
2964.386267	4865.992178
2967.519306	4871.360364
2970.680737	4876.72347
2973.870406	4882.081342
2977.088157	4887.433824
2980.333835	4892.78076
2983.607285	4898.121996
2986.908352	4903.457376
2990.236879	4908.786745
2993.592713	4914.109948
2996.975697	4919.426829
3000.385677	4924.737234
3003.822497	4930.041006
3007.286002	4935.337991
3010.776037	4940.628033
3014.292446	4945.910978
3017.835074	4951.186669
3021.403766	4956.454951
3024.998366	4961.71567
3028.61872	4966.96867
3032.264672	4972.213796
3035.936067	4977.450892
3039.632749	4982.679804
3043.354563	4987.900375
3047.101354	4993.112451
3050.872967	4998.315877
3054.669247	5003.510496
3058.490037	5008.696155
3062.335184	5013.872697
3066.204531	5019.039967
3070.097924	5024.197811
3074.015206	5029.346145
3077.956224	5034.485089
3081.920821	5039.614799
3085.908842	5044.73543
3089.920132	5049.847138
3093.954537	5054.950077
3098.011899	5060.044402
3102.092065	5065.13027
3106.194879	5070.207835
3110.320185	5075.277252
3114.467829	5080.338677
3118.637656	5085.392266
3122.829509	5090.438173
3127.043233	5095.476553
3131.278674	5100.507562
3135.535676	5105.531356
3139.814084	5110.548089
3144.113743	5115.557917
3148.434497	5120.560994
3152.77619	5125.557477
3157.138669	5130.54752
3161.521777	5135.53128
3165.92536	5140.50891
3170.349261	5145.480566
3179.257399	5155.406579
3188.24495	5165.310561
3197.310672	5175.193753
3206.453562	5185.056798
3211.054405	5189.979032
3215.675457	5194.893239
3220.317185	5199.798019
3224.980053	5204.691977
3229.664528	5209.573713
3234.371075	5214.441832
3239.100161	5219.294936
3243.85225	5224.131627
3248.62781	5228.950507
3253.427305	5233.75018
3258.251201	5238.529248
3263.099965	5243.286314
3267.974062	5248.01998
3272.873957	5252.728848
3277.800118	5257.411522
3282.753008	5262.066604
3287.733095	5266.692697
3292.740844	5271.288403
3297.776721	5275.852325
3302.841191	5280.383065
3307.934721	5284.879226
3313.057776	5289.33941
3318.210822	5293.762221
3323.394325	5298.146261
3328.608751	5302.490132
3333.854565	5306.792437
3339.132233	5311.051778
3344.442222	5315.266759
3349.784996	5319.435981
3355.161007	5323.558101
3360.570397	5327.63285
3366.013023	5331.660967
3371.488729	5335.643227
3376.997359	5339.580407
3382.538759	5343.473284
3388.112773	5347.322633
3393.719246	5351.129232
3399.358023	5354.893856
3405.028949	5358.617281
3410.731867	5362.300285
3416.466624	5365.943643
3422.233063	5369.548131
3428.031029	5373.114527
3433.860368	5376.643606
3439.720923	5380.136145
3445.61254	5383.59292
3451.535063	5387.014707
3457.488337	5390.402283
3463.472208	5393.756425
3469.486518	5397.077907
3475.531114	5400.367507
3481.60584	5403.626002
3487.71054	5406.854166
3493.84506	5410.052778
3500.009244	5413.222612
3506.202937	5416.364446
3512.425983	5419.479056
3518.678228	5422.567218
3524.959516	5425.629708
3531.269692	5428.667303
3537.608561	5431.680688
3543.975551	5434.669708
3550.36989	5437.633744
3556.7908	5440.572177
3563.237506	5443.484384
3569.70923	5446.369746
3576.205197	5449.227641
3582.724631	5452.057447
3589.266754	5454.858544
3595.830792	5457.630311
3602.415966	5460.372127
3609.021502	5463.08337
3615.646622	5465.76342
3622.29055	5468.411655
3628.952511	5471.027454
3635.631727	5473.610197
3642.327423	5476.159262
3649.038821	5478.674028
3655.765146	5481.153875
3662.505621	5483.59818
3669.259471	5486.006323
3676.025918	5488.377684
3682.804186	5490.71164
3689.593499	5493.00757
3696.393081	5495.264855
3703.202156	5497.482872
3710.019946	5499.661001
3716.845676	5501.79862
3723.678569	5503.895109
3730.517849	5505.949846
3737.362739	5507.96221
3744.212716	5509.931853
3751.068488	5511.859763
3757.931142	5513.747338
3764.801764	5515.595974
3771.681442	5517.40707
3778.571263	5519.182023
3785.472313	5520.922229
3792.38568	5522.629087
3799.31245	5524.303994
3806.253709	5525.948347
3813.210546	5527.563543
3820.184046	5529.150981
3827.175297	5530.712057
3834.185386	5532.248169
3841.215399	5533.760715
3848.266423	5535.251091
3855.339545	5536.720695
3862.435852	5538.170925
3869.556431	5539.603177
3876.702369	5541.01885
3883.874753	5542.41934
3891.074668	5543.806046
3898.303204	5545.180364
3905.561445	5546.543692
3912.850479	5547.897427
3920.171394	5549.242967
3927.525275	5550.581709
3934.91321	5551.915051
3942.336285	5553.244389
3949.795588	5554.571122
3957.292203	5555.896646
3964.826163	5557.222095
3972.394674	5558.547897
3979.994478	5559.874361
3987.622312	5561.2018
3995.274916	5562.530522
4002.949031	5563.860839
4018.348746	5566.5275
4033.795373	5569.204266
4064.725023	5574.59805
4080.155876	5577.320037
4095.529301	5580.062066
4103.186326	5581.441373
4110.819213	5582.826622
4118.424701	5584.218124
4125.999528	5585.616188
4133.540435	5587.021127
4141.044161	5588.43325
4148.507445	5589.852868
4155.927026	5591.280291
4163.299645	5592.715831
4170.62204	5594.159796
4177.89095	5595.612499
4185.103116	5597.074249
4192.255312	5598.54536
4199.346342	5600.02632
4206.378119	5601.517882
4213.352816	5603.020823
4220.272607	5604.53592
4227.139665	5606.063948
4233.956165	5607.605683
4240.72428	5609.161903
4247.446183	5610.733384
4254.12405	5612.320901
4260.760052	5613.925232
4267.356365	5615.547152
4273.915161	5617.187438
4280.438615	5618.846866
4286.9289	5620.526212
4293.38819	5622.226254
4299.818658	5623.947767
4306.222479	5625.691527
4312.601827	5627.458311
4318.958874	5629.248895
4325.295795	5631.064056
4331.614763	5632.90457
4337.917953	5634.771213
4344.207537	5636.664762
4350.48569	5638.585992
4356.754585	5640.535681
4363.016397	5642.514604
4369.273298	5644.523538
4375.527463	5646.56326
4381.781065	5648.634544
4388.036278	5650.738169
4394.295169	5652.874902
4400.557768	5655.045354
4406.822278	5657.249997
4413.086834	5659.489295
4419.349573	5661.763716
4425.608633	5664.073724
4431.86215	5666.419786
4438.10826	5668.802366
4444.345102	5671.221932
4450.570811	5673.678949
4456.783524	5676.173882
4462.981378	5678.707198
4469.16251	5681.279362
4475.325057	5683.890841
4481.467155	5686.542099
4487.586941	5689.233602
4493.682553	5691.965818
4499.752126	5694.73921
4505.793798	5697.554246
4511.805705	5700.41139
4517.785985	5703.311109
4523.732774	5706.253869
4529.644208	5709.240135
4535.518425	5712.270373
4541.353562	5715.345049
4547.147754	5718.464628
4552.89914	5721.629577
4558.605856	5724.840361
4564.266038	5728.097447
4569.877823	5731.401299
4575.439349	5734.752384
4580.94889	5738.151071
4586.405954	5741.596879
4591.810688	5745.088879
4597.16325	5748.62614
4602.463794	5752.20773
4607.712475	5755.832718
4612.909448	5759.500172
4618.05487	5763.209161
4623.148894	5766.958752
4628.191677	5770.748015
4633.183374	5774.576018
4638.12414	5778.441828
4643.014129	5782.344515
4647.853499	5786.283147
4652.642403	5790.256793
4657.380997	5794.26452
4662.069436	5798.305397
4666.707875	5802.378492
4671.296471	5806.482875
4675.835378	5810.617612
4680.32475	5814.781774
4684.764745	5818.974427
4689.155516	5823.194641
4693.49722	5827.441484
4697.790011	5831.714024
4702.034044	5836.01133
4706.229476	5840.33247
4710.37646	5844.676512
4714.475154	5849.042525
4718.52571	5853.429577
4722.528286	5857.836738
4726.483014	5862.263052
4730.389925	5866.707463
4734.249018	5871.168885
4738.060293	5875.646231
4741.823751	5880.138413
4745.539392	5884.644345
4749.207214	5889.16294
4752.82722	5893.693112
4756.399407	5898.233772
4759.923777	5902.783836
4763.40033	5907.342214
4766.829065	5911.907821
4770.209982	5916.479571
4773.543082	5921.056375
4776.828364	5925.637147
4780.065829	5930.2208
4783.255476	5934.806247
4786.397306	5939.392403
4789.491318	5943.978178
4792.537512	5948.562488
4795.535889	5953.144244
4798.486448	5957.72236
4801.38919	5962.295749
4804.244114	5966.863325
4807.051221	5971.424
4809.81051	5975.976687
4812.521981	5980.5203
4815.185635	5985.053752
4817.801472	5989.575956
4820.369491	5994.085825
4822.889692	5998.582272
4825.362154	6003.064525
4827.787156	6007.532611
4830.165008	6011.986686
4832.496021	6016.426904
4834.780505	6020.853422
4837.018771	6025.266394
4839.21113	6029.665976
4841.357891	6034.052322
4843.459366	6038.425589
4845.515864	6042.785932
4847.527697	6047.133505
4849.495175	6051.468464
4851.418609	6055.790965
4853.298308	6060.101162
4855.134585	6064.39921
4856.927748	6068.685266
4858.678109	6072.959485
4860.385978	6077.222021
4862.051666	6081.473029
4863.675484	6085.712666
4865.257741	6089.941087
4866.798748	6094.158446
4868.298817	6098.364899
4869.758256	6102.560601
4871.177378	6106.745707
4872.556492	6110.920374
4873.895909	6115.084755
4875.19594	6119.239007
4876.456895	6123.383284
4877.679085	6127.517743
4878.862813	6131.642541
4880.008089	6135.758079
4881.11448	6139.865104
4882.18152	6143.964392
4883.208745	6148.05672
4884.195687	6152.142864
4885.141882	6156.223601
4886.046864	6160.299707
4886.910166	6164.371958
4887.731323	6168.44113
4888.50987	6172.508
4889.245339	6176.573345
4889.937267	6180.637939
4890.585186	6184.702561
4891.18863	6188.767986
4891.747135	6192.83499
4892.260235	6196.904351
4892.727463	6200.976843
4893.148353	6205.053244
4893.522441	6209.13433
4893.849259	6213.220877
4894.128343	6217.313662
4894.359227	6221.41346
4894.541444	6225.521049
4894.674529	6229.637204
4894.758016	6233.762702
4894.79144	6237.898319
4894.774334	6242.044832
4894.706233	6246.203017
4894.586671	6250.373649
4894.415182	6254.557507
4894.191309	6258.755361
4893.914755	6262.967903
4893.585359	6267.195757
4893.202968	6271.439545
4892.767425	6275.699886
4892.278576	6279.977402
4891.736264	6284.272715
4891.140335	6288.586445
4890.490633	6292.919213
4889.787004	6297.27164
4889.029292	6301.644348
4888.217341	6306.037957
4887.350996	6310.453089
4886.430103	6314.890365
4885.454505	6319.350405
4884.424048	6323.833831
4883.338576	6328.341264
4882.197935	6332.873325
4881.001968	6337.430635
4879.75052	6342.013815
4878.443437	6346.623486
4877.080562	6351.260269
4875.661742	6355.924785
4874.186819	6360.617656
4872.65564	6365.339502
4871.068049	6370.090945
4869.423891	6374.872605
4867.723009	6379.685104
4865.96525	6384.529062
4864.150458	6389.405101
4862.278477	6394.313842
4860.349153	6399.255645
4858.362329	6404.228672
4856.317851	6409.229981
4854.215564	6414.256621
4852.055312	6419.305644
4849.83694	6424.374098
4847.560293	6429.459034
4845.225215	6434.557501
4842.831551	6439.66655
4840.379146	6444.78323
4837.867845	6449.904592
4835.297492	6455.027685
4832.667932	6460.149559
4829.97901	6465.267264
4827.23057	6470.377851
4824.422458	6475.478368
4821.554517	6480.565866
4818.626594	6485.637396
4815.638532	6490.690006
4812.590176	6495.720746
4809.481371	6500.726667
4806.311962	6505.704819
4803.081793	6510.652251
4799.790709	6515.566014
4796.438556	6520.443157
4793.025176	6525.280731
4789.550416	6530.075784
4786.014121	6534.825368
4782.416134	6539.526531
4778.7563	6544.176325
4775.034465	6548.771799
4771.250681	6553.310556
4767.405929	6557.792679
4763.501451	6562.218944
4759.538491	6566.590128
4755.51829	6570.907008
4751.44209	6575.170359
4747.311133	6579.380957
4743.126661	6583.53958
4738.889918	6587.647003
4734.602143	6591.704002
4730.264581	6595.711355
4725.878473	6599.669838
4721.44506	6603.580226
4716.965586	6607.443296
4712.441293	6611.259824
4707.873421	6615.030588
4703.263215	6618.756362
4698.611915	6622.437924
4693.920764	6626.076049
4689.191005	6629.671515
4684.423878	6633.225097
4679.620627	6636.737572
4674.782493	6640.209716
4669.910719	6643.642306
4665.006546	6647.036117
4660.071218	6650.391926
4655.105975	6653.71051
4650.112061	6656.992645
4645.090716	6660.239107
4640.043185	6663.450672
4634.970707	6666.628116
4629.874486	6669.772054
4624.755623	6672.8827
4619.615204	6675.960211
4614.454317	6679.00474
4609.274048	6682.016444
4604.075485	6684.995478
4598.859713	6687.941997
4593.627821	6690.856156
4588.380895	6693.73811
4583.120022	6696.588015
4577.846288	6699.406027
4572.560781	6702.192299
4567.264588	6704.946988
4561.958795	6707.670249
4556.644488	6710.362238
4551.322756	6713.023108
4545.994685	6715.653017
4540.661362	6718.252118
4535.323873	6720.820567
4529.983306	6723.35852
4524.640747	6725.866132
4519.297283	6728.343557
4513.954002	6730.790952
4508.611989	6733.208471
4503.272333	6735.596271
4497.936119	6737.954505
4492.604434	6740.283329
4487.278366	6742.5829
4481.959002	6744.853371
4476.647428	6747.094898
4471.344716	6749.307663
4466.051267	6751.493134
4460.766533	6753.654588
4455.48989	6755.795442
4444.958399	6760.029013
4434.451825	6764.221173
4413.493556	6772.590569
4403.031923	6776.822458
4392.575333	6781.122245
4387.347377	6783.30614
4382.118819	6785.517256
4376.889037	6787.75901
4371.65741	6790.034818
4366.423318	6792.348096
4361.186139	6794.702259
4355.945253	6797.100723
4350.700037	6799.546904
4345.449872	6802.044219
4340.194136	6804.596082
4334.932208	6807.20591
4329.663466	6809.877119
4324.387291	6812.613124
4319.103061	6815.417342
4313.810154	6818.293188
4308.507998	6821.243914
4303.196831	6824.270014
4297.877565	6827.369694
4292.551131	6830.541091
4287.21846	6833.782343
4281.880485	6837.091584
4276.538136	6840.466953
4271.192346	6843.906587
4265.844046	6847.408621
4260.494168	6850.971193
4255.143643	6854.59244
4249.793402	6858.270498
4244.444379	6862.003504
4239.097503	6865.789595
4233.753707	6869.626908
4228.413922	6873.51358
4223.07908	6877.447746
4217.750112	6881.427545
4212.427951	6885.451113
4207.113527	6889.516587
4201.807773	6893.622103
4196.511619	6897.765799
4191.225998	6901.945811
4185.951841	6906.160275
4180.690079	6910.407329
4175.441645	6914.68511
4170.20747	6918.991755
4164.988485	6923.325399
4159.785622	6927.68418
4154.599813	6932.066235
4149.43199	6936.4697
4144.283023	6940.892881
4139.153302	6945.335434
4134.042983	6949.797665
4128.952222	6954.279884
4123.881174	6958.782402
4118.829995	6963.30553
4113.798839	6967.849578
4108.787862	6972.414857
4103.79722	6977.001678
4098.827066	6981.61035
4093.877557	6986.241184
4088.948849	6990.894491
4084.041095	6995.570581
4079.154452	7000.269766
4074.289075	7004.992355
4069.445118	7009.738659
4064.622738	7014.508988
4059.82209	7019.303654
4055.043328	7024.122966
4050.286608	7028.967235
4045.552086	7033.836772
4040.839916	7038.731887
4036.150255	7043.65289
4031.483256	7048.600094
4026.839076	7053.573806
4022.217869	7058.574339
4017.619791	7063.602003
4013.044998	7068.657109
4008.493644	7073.739966
4003.965885	7078.850886
3999.461876	7083.990179
3994.981772	7089.158058
3990.525728	7094.354325
3986.093901	7099.578668
3981.686444	7104.830777
3977.303514	7110.110342
3972.945266	7115.417051
3968.611854	7120.750595
3964.303434	7126.110662
3960.020162	7131.496943
3955.762193	7136.909127
3951.529682	7142.346902
3947.322783	7147.80996
3943.141654	7153.297988
3938.986448	7158.810677
3934.857321	7164.347717
3930.754428	7169.908795
3926.677925	7175.493603
3922.627966	7181.101829
3918.604708	7186.733163
3914.608305	7192.387295
3910.638913	7198.063913
3906.696687	7203.762708
3902.781781	7209.483368
3898.894353	7215.225584
3895.034555	7220.989045
3891.202545	7226.773439
3887.398477	7232.578458
3883.622507	7238.403789
3879.874789	7244.249123
3876.155479	7250.114149
3872.464734	7255.998557
3868.802875	7261.901993
3865.170624	7267.824006
3861.568756	7273.764131
3857.998048	7279.721901
3854.459276	7285.696851
3850.953216	7291.688515
3847.480644	7297.696428
3844.042338	7303.720122
3840.639073	7309.759133
3837.271625	7315.812995
3833.940772	7321.881242
3830.647289	7327.963408
3827.391952	7334.059028
3824.175538	7340.167634
3820.998824	7346.288763
3817.862586	7352.421948
3814.767599	7358.566723
3811.714641	7364.722622
3808.704487	7370.88918
3805.737915	7377.06593
3802.815699	7383.252407
3799.938618	7389.448146
3797.107446	7395.65268
3794.322961	7401.865543
3791.585938	7408.086271
3788.897154	7414.314396
3786.257386	7420.549453
3783.667409	7426.790977
3781.128001	7433.038501
3778.639936	7439.29156
3776.203984	7445.549705
3773.820535	7451.813241
3771.489471	7458.083492
3769.210635	7464.361855
3766.983874	7470.649728
3764.809032	7476.948508
3762.685952	7483.259593
3760.614482	7489.58438
3758.594464	7495.924266
3756.625743	7502.280649
3754.708165	7508.654927
3752.841574	7515.048496
3751.025815	7521.462754
3749.260733	7527.899098
3747.546172	7534.358926
3745.881977	7540.843636
3744.267992	7547.354624
3742.704064	7553.893288
3741.190035	7560.461026
3739.725751	7567.059234
3738.311057	7573.689311
3736.945798	7580.352654
3735.629818	7587.050659
3734.362961	7593.784725
3733.145074	7600.556249
3731.975999	7607.366628
3730.855583	7614.21726
3729.78367	7621.109542
3728.760104	7628.044871
3727.78473	7635.024645
3726.857394	7642.050262
3725.977892	7649.122977
3725.145281	7656.241821
3724.358024	7663.404049
3723.614569	7670.606866
3722.913363	7677.847477
3722.252853	7685.123088
3721.631486	7692.430902
3721.047711	7699.768127
3720.499974	7707.131966
3719.986722	7714.519625
3719.506404	7721.92831
3719.057465	7729.355225
3718.638355	7736.797576
3718.247519	7744.252567
3717.883405	7751.717405
3717.544461	7759.189294
3717.229135	7766.665439
3716.663121	7781.619319
3716.172943	7796.556688
3715.746179	7811.455186
3715.552695	7818.882871
3715.370408	7826.292455
3715.197763	7833.681141
3715.033208	7841.046136
3714.875191	7848.384645
3714.722159	7855.693872
3714.572559	7862.971024
3714.424839	7870.213304
3714.277688	7877.418199
3714.131644	7884.585335
3713.988101	7891.715329
3713.848456	7898.808801
3713.714106	7905.866373
3713.586449	7912.888665
3713.466883	7919.876299
3713.356804	7926.829896
3713.25761	7933.750076
3713.170698	7940.637461
3713.097466	7947.492672
3713.039312	7954.31633
3712.997632	7961.109055
3712.973824	7967.87147
3712.969286	7974.604196
3712.985415	7981.307852
3713.023607	7987.983061
3713.085262	7994.630443
3713.171775	8001.250619
3713.284545	8007.844211
3713.424969	8014.411839
3713.594444	8020.954125
3713.794368	8027.47169
3714.026138	8033.965155
3714.291151	8040.43514
3714.590806	8046.882267
3714.926498	8053.307157
3715.299626	8059.710432
3715.711588	8066.092711
3716.163779	8072.454617
3716.657599	8078.796769
3717.194267	8085.119512
3717.774279	8091.422049
3718.397945	8097.703294
3719.065577	8103.962159
3719.777484	8110.197557
3720.533977	8116.408403
3721.335367	8122.593608
3722.181965	8128.752087
3723.07408	8134.882752
3724.012023	8140.984516
3724.996105	8147.056292
3726.026636	8153.096994
3727.103927	8159.105535
3728.228289	8165.080828
3729.400032	8171.021785
3730.619466	8176.927321
3731.886902	8182.796348
3733.20265	8188.627779
3734.567022	8194.420528
3735.980327	8200.173508
3737.442877	8205.885631
3738.954981	8211.555811
3740.51695	8217.182961
3742.129096	8222.765995
3743.791727	8228.303824
3745.505155	8233.795363
3747.269691	8239.239525
3749.085644	8244.635222
3750.953326	8249.981368
3752.873047	8255.276876
3754.845117	8260.520662
3756.869804	8265.712162
3758.947275	8270.85199
3761.077686	8275.940923
3763.261193	8280.979738
3765.497951	8285.969211
3767.788115	8290.910118
3770.13184	8295.803235
3772.529281	8300.64934
3774.980595	8305.449207
3777.485935	8310.203613
3780.045458	8314.913336
3782.659318	8319.579151
3785.327671	8324.201834
3788.050673	8328.782162
3790.828478	8333.320911
3793.661241	8337.818857
3796.549118	8342.276777
3799.492265	8346.695448
3802.490836	8351.075645
3805.544987	8355.418145
3808.654873	8359.723723
3811.820649	8363.993158
3815.042471	8368.227224
3818.320493	8372.426698
3821.654872	8376.592357
3825.045761	8380.724977
3828.493318	8384.825333
3831.997696	8388.894204
3835.559052	8392.932364
3839.17754	8396.94059
3842.853304	8400.919669
3846.586039	8404.870771
3850.374852	8408.795571
3854.218811	8412.695778
3858.116985	8416.573098
3862.068443	8420.42924
3866.072253	8424.265912
3870.127483	8428.084822
3874.233202	8431.887677
3878.388477	8435.676185
3882.592378	8439.452056
3886.843973	8443.216995
3891.14233	8446.972712
3895.486518	8450.720915
3899.875605	8454.46331
3904.308659	8458.201607
3908.784749	8461.937513
3913.302943	8465.672736
3917.86231	8469.408984
3922.461917	8473.147965
3927.100834	8476.891386
3931.778129	8480.640957
3936.49287	8484.398384
3941.244126	8488.165376
3946.030965	8491.943641
3950.852455	8495.734886
3955.707665	8499.54082
3960.595663	8503.36315
3965.515517	8507.203584
3970.466297	8511.063831
3975.44707	8514.945598
3980.456944	8518.850503
3985.495614	8522.778824
3990.563223	8526.72981
3995.659926	8530.702685
4000.785879	8534.696673
4005.941237	8538.710998
4011.126155	8542.744882
4016.340789	8546.797551
4021.585293	8550.868227
4026.859824	8554.956134
4032.164536	8559.060496
4037.499585	8563.180536
4042.865125	8567.315479
4048.261313	8571.464547
4053.688303	8575.626965
4059.14625	8579.801955
4064.635311	8583.988743
4070.15564	8588.186551
4075.707392	8592.394603
4081.290723	8596.612123
4086.905788	8600.838335
4092.552742	8605.072462
4098.231741	8609.313727
4103.942939	8613.561355
4109.686493	8617.814569
4115.462557	8622.072592
4121.271287	8626.334649
4127.112837	8630.599964
4132.987364	8634.867759
4138.895022	8639.137258
4144.835967	8643.407686
4150.810313	8647.6784
4156.817881	8651.94974
4162.858361	8656.222482
4168.931443	8660.4974
4175.036815	8664.775273
4181.174168	8669.056875
4187.34319	8673.342983
4193.543572	8677.634374
4199.775002	8681.931824
4206.037171	8686.236109
4212.329767	8690.548006
4218.652481	8694.868291
4225.005001	8699.197739
4231.387017	8703.537129
4237.798218	8707.887235
4244.238295	8712.248835
4250.706936	8716.622704
4257.203831	8721.00962
4263.728669	8725.410357
4270.28114	8729.825693
4276.860934	8734.256404
4283.467739	8738.703266
4290.101246	8743.167056
4296.761143	8747.64855
4303.44712	8752.148524
4310.158868	8756.667755
4316.896074	8761.207019
4323.658429	8765.767091
4330.445621	8770.34875
4337.257342	8774.952771
4344.093279	8779.579929
4350.952726	8784.230606
4357.833422	8788.903626
4364.732728	8793.597439
4371.648005	8798.310491
4378.576612	8803.041229
4392.46326	8812.549554
4406.371557	8822.109992
4420.280387	8831.710123
4434.168632	8841.337525
4448.015178	8850.979776
4461.798906	8860.624456
4468.660616	8865.443824
4475.498702	8870.259142
4482.310526	8875.068856
4489.093449	8879.871414
4495.84483	8884.665263
4502.56203	8889.44885
4509.242409	8894.220623
4515.883329	8898.979029
4522.482149	8903.722516
4529.03623	8908.44953
4535.542932	8913.158519
4541.999617	8917.84793
4548.403643	8922.516211
4554.752377	8927.161814
4561.044037	8931.783998
4567.278692	8936.383777
4573.456653	8940.962394
4579.578229	8945.521089
4585.643732	8950.061106
4591.653471	8954.583686
4597.607758	8959.090071
4603.506904	8963.581504
4609.351217	8968.059227
4615.14101	8972.524482
4620.876593	8976.978511
4626.558275	8981.422557
4632.186369	8985.85786
4637.761183	8990.285664
4643.28303	8994.707211
4648.752219	8999.123743
4654.16906	9003.536501
4659.533865	9007.946729
4664.846944	9012.355667
4670.108607	9016.764559
4675.319166	9021.174646
4680.478929	9025.587171
4685.588209	9030.003376
4690.647316	9034.424502
4695.656559	9038.851793
4700.61625	9043.28649
4705.5267	9047.729834
4710.388218	9052.18307
4715.201115	9056.647437
4719.965702	9061.12418
4724.682301	9065.614515
4729.351627	9070.118807
4733.974891	9074.636347
4738.553335	9079.166358
4743.088202	9083.708064
4747.580734	9088.26069
4752.032172	9092.823458
4756.44376	9097.395592
4760.816738	9101.976316
4765.15235	9106.564853
4769.451837	9111.160428
4773.716441	9115.762264
4777.947405	9120.369584
4782.145971	9124.981612
4786.31338	9129.597573
4790.450876	9134.216688
4794.559699	9138.838183
4798.641093	9143.461281
4802.6963	9148.085206
4806.726561	9152.70918
4810.733118	9157.332429
4814.717215	9161.954175
4822.622993	9171.190054
4830.453832	9180.410608
4838.219668	9189.609624
4845.93044	9198.780894
4853.595999	9207.918248
4861.220048	9217.018593
4868.796092	9226.083935
4876.316679	9235.116757
4883.774356	9244.119543
4891.16167	9253.094778
4894.826612	9257.572841
4898.471168	9262.044947
4902.094407	9266.511407
4905.695398	9270.972533
4909.273208	9275.428633
4912.826907	9279.88002
4916.355562	9284.327003
4919.858242	9288.769894
4923.334015	9293.209001
4926.781949	9297.644637
4930.201114	9302.077112
4933.590578	9306.506735
4936.949408	9310.933819
4940.276673	9315.358672
4943.571442	9319.781607
4946.832784	9324.202932
4950.059765	9328.62296
4953.251456	9333.042
4956.406924	9337.460362
4959.525237	9341.878359
4962.605564	9346.296356
4965.647766	9350.715117
4968.651996	9355.135573
4971.618409	9359.558656
4974.547162	9363.985298
4977.438409	9368.416429
4980.292305	9372.852981
4983.109007	9377.295887
4985.888668	9381.746078
4988.631445	9386.204485
4991.337492	9390.672039
4994.006965	9395.149674
4996.64002	9399.638319
4999.23681	9404.138907
5001.797493	9408.652369
5004.322222	9413.179638
5006.811153	9417.721643
5009.264442	9422.279318
5011.682244	9426.853594
5014.064714	9431.445402
5016.412007	9436.055674
5018.724278	9440.685342
5021.001684	9445.335336
5023.244378	9450.00659
5025.452517	9454.700033
5027.626255	9459.416599
5029.765749	9464.157218
5031.871152	9468.922822
5033.942621	9473.714343
5035.98031	9478.532713
5037.984376	9483.378862
5039.955055	9488.253557
5041.892898	9493.156942
5043.798524	9498.089018
5045.672555	9503.049785
5047.515612	9508.039242
5049.328316	9513.05739
5051.111289	9518.104228
5052.86515	9523.179756
5054.590522	9528.283976
5056.288025	9533.416885
5057.958281	9538.578486
5059.60191	9543.768776
5061.219533	9548.987758
5062.811772	9554.23543
5064.379248	9559.511792
5065.922581	9564.816845
5067.442394	9570.150589
5068.939306	9575.513023
5070.413939	9580.904147
5071.866914	9586.323962
5073.298852	9591.772468
5074.710375	9597.249664
5076.102102	9602.755551
5077.474656	9608.290128
5078.828657	9613.853396
5080.164727	9619.445354
5081.483486	9625.066003
5082.785555	9630.715343
5084.071557	9636.393372
5085.342111	9642.100093
5086.597836	9647.835501
5087.839027	9653.599129
5089.065302	9659.389545
5090.276195	9665.205196
5091.471241	9671.044529
5092.649972	9676.905992
5093.811925	9682.788031
5094.956632	9688.689095
5096.083628	9694.607631
5097.192448	9700.542085
5098.282625	9706.490906
5099.353694	9712.452541
5100.405188	9718.425436
5101.436643	9724.40804
5102.447592	9730.398799
5103.437569	9736.396161
5104.406109	9742.398574
5105.352746	9748.404484
5106.277014	9754.412339
5107.178447	9760.420586
5108.056579	9766.427673
5108.910946	9772.432046
5109.74108	9778.432154
5110.546516	9784.426444
5111.326788	9790.413362
5112.081431	9796.391357
5112.809978	9802.358875
5113.511964	9808.314364
5114.186924	9814.256272
5114.83439	9820.183045
5115.453898	9826.09313
5116.045	9831.984999
5116.607854	9837.85786
5117.143348	9843.711816
5117.652415	9849.547022
5118.135985	9855.363633
5118.59499	9861.161805
5119.030361	9866.941692
5119.443031	9872.703451
5119.833931	9878.447236
5120.203993	9884.173203
5120.554147	9889.881507
5120.885327	9895.572303
5121.198463	9901.245746
5121.494486	9906.901992
5121.774329	9912.541196
5122.038924	9918.163514
5122.289201	9923.769099
5122.526092	9929.358109
5122.963445	9940.487021
5123.358434	9951.551491
5123.718512	9962.552762
5124.051133	9973.492075
5124.363749	9984.370673
5124.663812	9995.189798
5124.958744	10005.95072
5125.253737	10016.65696
5125.550364	10027.31561
5125.849867	10037.93414
5126.153489	10048.52001
5126.778058	10069.62354
5127.434007	10090.68583
5128.131273	10111.76651
5128.498505	10122.33236
5128.879794	10132.92518
5129.27638	10143.5524
5129.689506	10154.22148
5130.120414	10164.93987
5130.570187	10175.71374
5131.039087	10186.54272
5131.527114	10197.42432
5132.034267	10208.35605
5132.560548	10219.33543
5133.105956	10230.35997
5133.670491	10241.4272
5134.254153	10252.53462
5134.856942	10263.67975
5135.478858	10274.86012
5136.119901	10286.07322
5136.780071	10297.31659
5137.459368	10308.58773
5138.157792	10319.88416
5138.875343	10331.2034
5139.612252	10342.54305
5140.373628	10353.90254
5141.169224	10365.28304
5142.008976	10376.6858
5142.902822	10388.11205
5143.860698	10399.56305
5144.892543	10411.04003
5145.439308	10416.78865
5146.008292	10422.54423
5146.600736	10428.30693
5147.217883	10434.0769
5147.860975	10439.85429
5148.531253	10445.63927
5149.229961	10451.43199
5149.95834	10457.2326
5150.717632	10463.04126
5151.509079	10468.85812
5152.333924	10474.68334
5153.193409	10480.51708
5154.088776	10486.35948
5155.021267	10492.21071
5155.992123	10498.07092
5157.002588	10503.94026
5158.053904	10509.81889
5159.14731	10515.70698
5160.283857	10521.6049
5161.464209	10527.51355
5162.68899	10533.43384
5163.958818	10539.36672
5165.274316	10545.31311
5166.636105	10551.27395
5168.044805	10557.25016
5169.501038	10563.24269
5171.005425	10569.25245
5172.558586	10575.28039
5174.161144	10581.32743
5175.813718	10587.39451
5177.516931	10593.48255
5179.271403	10599.59249
5181.077754	10605.72526
5182.936608	10611.88179
5184.848583	10618.06302
5186.814302	10624.26987
5188.834385	10630.50328
5190.909454	10636.76417
5193.040129	10643.05349
5195.227032	10649.37215
5197.470784	10655.7211
5199.772006	10662.10127
5202.131318	10668.51358
5204.549343	10674.95896
5207.0267	10681.43836
5209.564012	10687.9527
5212.161898	10694.50291
5214.820981	10701.08992
5217.541843	10707.71464
5220.323896	10714.377
5223.165198	10721.07582
5226.063731	10727.80986
5229.017476	10734.57788
5232.024414	10741.37863
5235.082528	10748.21087
5238.189798	10755.07336
5241.344206	10761.96486
5244.543733	10768.88413
5247.786362	10775.82992
5251.070074	10782.80099
5254.39285	10789.7961
5257.752671	10796.81401
5261.14752	10803.85347
5264.575378	10810.91325
5268.034226	10817.9921
5271.522046	10825.08878
5275.03682	10832.20204
5278.576528	10839.33065
5282.139153	10846.47336
5285.722676	10853.62893
5292.944342	10867.97368
5300.225378	10882.35498
5307.549637	10896.76286
5314.90097	10911.18741
5329.630825	10940.04867
5337.013059	10954.47205
5344.421266	10968.88388
5351.866624	10983.2792
5359.360314	10997.65305
5366.913514	11012.00044
5374.537404	11026.31641
5378.379351	11033.46107
5382.243163	11040.596
5386.130237	11047.7206
5390.04197	11054.83424
5393.97976	11061.93629
5397.945004	11069.02615
5401.9391	11076.10318
5405.963445	11083.16677
5410.019436	11090.21629
5414.108472	11097.25112
5418.231948	11104.27065
5422.391263	11111.27425
5426.587815	11118.26131
5430.822999	11125.23119
5435.098215	11132.18328
5439.414859	11139.11695
5443.773995	11146.03161
5448.174582	11152.92675
5452.614758	11159.8019
5457.092662	11166.65659
5461.606428	11173.49036
5466.154194	11180.30275
5470.734097	11187.09329
5475.344273	11193.8615
5479.98286	11200.60694
5484.647994	11207.32912
5489.337812	11214.02759
5494.050451	11220.70188
5498.784047	11227.35153
5503.536738	11233.97606
5508.30666	11240.57501
5513.091949	11247.14792
5517.890744	11253.69432
5522.70118	11260.21374
5527.521394	11266.70572
5532.349523	11273.1698
5537.183704	11279.6055
5542.022074	11286.01236
5546.86277	11292.38992
5551.703928	11298.73771
5556.543684	11305.05526
5561.380177	11311.34211
5566.211543	11317.59779
5571.035917	11323.82184
5575.851439	11330.01378
5580.656243	11336.17317
5585.448467	11342.29952
5590.226972	11348.39244
5594.993093	11354.45172
5599.748694	11360.47721
5604.495636	11366.46875
5609.235785	11372.42619
5613.971002	11378.34937
5618.703151	11384.23815
5623.434095	11390.09235
5628.165698	11395.91184
5632.899823	11401.69644
5637.638332	11407.44601
5642.383089	11413.1604
5647.135958	11418.83943
5651.898801	11424.48298
5656.673481	11430.09086
5661.461863	11435.66294
5666.265808	11441.19905
5671.087181	11446.69904
5675.927845	11452.16276
5680.789662	11457.59005
5685.674495	11462.98075
5690.584209	11468.33471
5695.520666	11473.65177
5700.48573	11478.93178
5705.481263	11484.17459
5710.50913	11489.38003
5715.571192	11494.54795
5720.669314	11499.67821
5725.805358	11504.77063
5730.981188	11509.82507
5736.198655	11514.84138
5741.458376	11519.81939
5746.758599	11524.75895
5752.097304	11529.6599
5757.472473	11534.5221
5762.882089	11539.34538
5768.324132	11544.12959
5773.796583	11548.87458
5779.297426	11553.58018
5784.82464	11558.24625
5790.376208	11562.87263
5795.950111	11567.45916
5801.544331	11572.00569
5807.156849	11576.51207
5812.785646	11580.97813
5818.428705	11585.40372
5824.084007	11589.78869
5829.749532	11594.13288
5835.423264	11598.43614
5841.103183	11602.69831
5846.787271	11606.91924
5852.473509	11611.09877
5858.159879	11615.23674
5863.844363	11619.33301
5869.524941	11623.38741
5875.199596	11627.39979
5880.866309	11631.36999
5886.523062	11635.29786
5892.167835	11639.18325
5897.798612	11643.026
5903.413372	11646.82595
5909.010121	11650.58297
5914.587495	11654.29756
5920.144835	11657.97092
5925.681522	11661.60431
5931.196934	11665.19896
5936.690449	11668.7561
5942.161448	11672.277
5947.609308	11675.76288
5953.033408	11679.21498
5958.433129	11682.63456
5963.807847	11686.02285
5969.156944	11689.3811
5974.479796	11692.71055
5979.775784	11696.01243
5985.044286	11699.288
5990.284682	11702.53849
5995.496349	11705.76514
6000.678667	11708.96921
6005.831016	11712.15192
6010.952773	11715.31453
6016.043318	11718.45827
6021.10203	11721.58439
6026.128288	11724.69412
6031.12147	11727.78872
6036.080956	11730.86942
6041.006124	11733.93747
6045.896354	11736.9941
6050.751024	11740.04056
6055.569514	11743.07809
6060.351201	11746.10794
6065.095466	11749.13134
6069.801732	11752.14944
6074.469955	11755.16212
6079.10044	11758.16848
6083.693498	11761.16757
6088.249439	11764.15847
6092.768573	11767.14025
6097.251211	11770.11197
6101.697664	11773.0727
6106.108242	11776.02151
6110.483256	11778.95747
6114.823016	11781.87965
6119.127833	11784.78711
6123.398017	11787.67893
6127.633879	11790.55417
6131.835729	11793.41191
6136.003878	11796.2512
6140.138637	11799.07112
6144.240315	11801.87073
6148.309224	11804.64911
6152.345674	11807.40533
6156.349976	11810.13844
6160.322439	11812.84752
6164.263376	11815.53165
6168.173095	11818.18988
6172.051908	11820.82128
6175.900126	11823.42493
6179.718058	11825.99989
6183.506016	11828.54523
6187.264309	11831.06002
6190.993249	11833.54332
6194.693145	11835.99421
6198.364343	11838.41194
6202.007387	11840.79687
6205.622898	11843.14977
6209.211499	11845.47143
6212.773808	11847.76261
6216.310449	11850.0241
6219.822042	11852.25667
6223.309207	11854.46109
6226.772566	11856.63815
6230.212741	11858.78862
6233.630351	11860.91327
6237.026019	11863.01289
6240.400364	11865.08824
6243.75401	11867.14011
6247.087575	11869.16927
6250.401682	11871.1765
6253.696951	11873.16257
6256.974004	11875.12827
6260.233462	11877.07436
6263.475945	11879.00162
6266.702075	11880.91083
6269.912473	11882.80277
6273.10776	11884.67821
6276.288557	11886.53793
6282.609164	11890.2133
6288.879265	11893.83511
6295.103826	11897.40956
6301.287818	11900.94311
6307.436208	11904.44719
6313.553964	11907.93779
6319.646056	11911.43104
6325.717452	11914.94311
6331.773121	11918.49014
6337.81803	11922.08827
6343.857149	11925.75365
6346.87609	11927.61661
6349.895447	11929.50243
6352.91584	11931.41315
6355.937891	11933.35077
6358.96222	11935.31731
6361.98945	11937.31479
6365.0202	11939.34524
6368.055093	11941.41067
6371.094748	11943.51309
6374.139788	11945.65453
6377.190833	11947.837
6380.248504	11950.06253
6383.313423	11952.33313
6386.38621	11954.65082
6389.467486	11957.01762
6392.55787	11959.43554
6395.657673	11961.90556
6398.766645	11964.4268
6401.884476	11966.99817
6405.010854	11969.61858
6408.14547	11972.28695
6411.288012	11975.0022
6414.438171	11977.76322
6417.595635	11980.56895
6420.760095	11983.41828
6423.931239	11986.31014
6427.108757	11989.24343
6430.292339	11992.21707
6433.481674	11995.22998
6436.676452	11998.28106
6439.876361	12001.36923
6443.081092	12004.49341
6446.290334	12007.65249
6449.503777	12010.84541
6452.721109	12014.07107
6455.94202	12017.32838
6459.1662	12020.61626
6462.393339	12023.93362
6465.623125	12027.27938
6468.855248	12030.65244
6472.089398	12034.05172
6475.325264	12037.47614
6478.562536	12040.9246
6481.800902	12044.39603
6488.279679	12051.4034
6494.759192	12058.49007
6501.237793	12065.65236
6507.714237	12072.88899
6514.187282	12080.19874
6520.655685	12087.58035
6527.118204	12095.03258
6533.573597	12102.5542
6540.020622	12110.14396
6546.458037	12117.80061
6552.884599	12125.52292
6559.299067	12133.30965
6565.700199	12141.15954
6572.086751	12149.07137
6578.457483	12157.04388
6584.811152	12165.07584
6591.146547	12173.16592
6597.464317	12181.30816
6603.767946	12189.48949
6610.061162	12197.69625
6622.63126	12214.13142
6628.915594	12222.3325
6635.204421	12230.50435
6641.501466	12238.63332
6647.810456	12246.70574
6654.135118	12254.70794
6657.30449	12258.67844
6660.479178	12262.62627
6663.659646	12266.54971
6666.846362	12270.44705
6670.03979	12274.3166
6673.240396	12278.15664
6676.448647	12281.96546
6679.665008	12285.74135
6682.889945	12289.48261
6686.123923	12293.18754
6689.367585	12296.85466
6692.622587	12300.48393
6695.890946	12304.07583
6699.174682	12307.63082
6702.475812	12311.14936
6705.796355	12314.63191
6709.138329	12318.07895
6712.503754	12321.49095
6715.894647	12324.86836
6719.313026	12328.21165
6722.760912	12331.52129
6726.240321	12334.79774
6729.753272	12338.04147
6733.301785	12341.25295
6736.887876	12344.43264
6740.513566	12347.581
6744.180871	12350.69851
6747.891811	12353.78563
6751.648405	12356.84282
6755.45267	12359.87055
6759.306625	12362.86929
6763.212289	12365.8395
6767.17168	12368.78164
6771.186816	12371.69619
6775.259716	12374.58361
6779.392399	12377.44437
6783.586883	12380.27892
6787.845186	12383.08774
6792.169327	12385.8713
6796.561324	12388.63005
6801.023196	12391.36446
6805.556436	12394.07481
6810.160898	12396.76075
6814.836116	12399.4218
6819.581625	12402.05751
6824.396959	12404.66742
6829.281651	12407.25104
6834.235236	12409.80792
6839.257248	12412.3376
6844.347222	12414.8396
6849.504692	12417.31346
6854.729191	12419.75872
6860.020254	12422.1749
6865.377416	12424.56155
6870.800209	12426.9182
6876.28817	12429.24437
6881.840831	12431.53962
6887.457728	12433.80346
6893.138393	12436.03543
6898.882362	12438.23508
6904.689168	12440.40193
6910.558347	12442.53551
6916.489431	12444.63537
6922.481956	12446.70103
6928.535454	12448.73202
6934.649462	12450.7279
6940.823512	12452.68818
6947.057139	12454.6124
6953.349878	12456.5001
6959.701262	12458.35081
6966.110825	12460.16406
6972.5781	12461.93939
6979.102408	12463.6765
6985.682699	12465.37535
6992.317887	12467.03595
6999.006885	12468.6583
7005.748606	12470.24239
7012.541964	12471.78823
7019.38587	12473.29581
7026.27924	12474.76514
7033.220984	12476.19622
7040.210018	12477.58904
7047.245253	12478.9436
7054.325603	12480.25992
7061.449982	12481.53798
7068.617301	12482.77778
7075.826475	12483.97933
7083.076417	12485.14263
7090.366039	12486.26767
7097.694255	12487.35446
7105.059978	12488.403
7112.46212	12489.41328
7119.899596	12490.3853
7127.371319	12491.31908
7134.8762	12492.21459
7142.413155	12493.07186
7149.981095	12493.89087
7157.578934	12494.67163
7165.205584	12495.41413
7172.85996	12496.11838
7180.540974	12496.78437
7188.247539	12497.41211
7195.97856	12498.0016
7203.732721	12498.553
7211.508478	12499.06661
7219.30428	12499.54273
7227.118575	12499.98168
7234.949808	12500.38378
7242.796428	12500.74932
7250.656882	12501.07862
7258.529618	12501.372
7266.413082	12501.62976
7274.305721	12501.85221
7282.205984	12502.03966
7290.112318	12502.19243
7298.02317	12502.31082
7305.936987	12502.39514
7313.852216	12502.44572
7321.767305	12502.46284
7329.680702	12502.44684
7337.590853	12502.39801
7345.496206	12502.31666
7353.395208	12502.20312
7361.286307	12502.05768
7369.16795	12501.88066
7377.038584	12501.67238
7384.896656	12501.43313
7392.740615	12501.16323
7400.568906	12500.86299
7408.379978	12500.53273
7416.172278	12500.17275
7423.944253	12499.78336
7431.694351	12499.36487
7439.421096	12498.91758
7447.123831	12498.4416
7454.802395	12497.93692
7462.456632	12497.40356
7470.086387	12496.84151
7477.691505	12496.25076
7485.271831	12495.63133
7492.827208	12494.9832
7500.357483	12494.30638
7507.862499	12493.60088
7515.342102	12492.86668
7522.796135	12492.10379
7530.224445	12491.31221
7537.626875	12490.49195
7545.003271	12489.64299
7552.353477	12488.76534
7559.677337	12487.859
7566.974697	12486.92396
7574.245401	12485.96024
7581.489295	12484.96783
7588.706222	12483.94673
7595.896027	12482.89694
7603.058556	12481.81845
7610.193653	12480.71128
7617.301162	12479.57541
7624.380929	12478.41086
7631.432798	12477.21761
7638.456614	12475.99567
7645.452221	12474.74505
7652.419465	12473.46573
7659.35819	12472.15772
7666.268185	12470.82088
7673.148934	12469.45423
7679.999815	12468.05653
7686.820208	12466.62655
7693.609492	12465.16305
7700.367045	12463.66477
7707.092246	12462.13048
7713.784475	12460.55893
7720.443111	12458.94889
7727.067531	12457.29911
7733.657116	12455.60835
7740.211243	12453.87536
7746.729293	12452.09891
7753.210644	12450.27775
7759.654674	12448.41064
7766.060764	12446.49634
7772.428291	12444.53361
7778.756634	12442.5212
7785.045174	12440.45787
7791.293288	12438.34238
7797.500355	12436.17349
7803.665755	12433.94995
7809.788866	12431.67053
7815.869068	12429.33398
7821.905739	12426.93905
7827.898257	12424.48452
7833.846003	12421.96912
7839.748355	12419.39164
7845.604692	12416.75081
7851.414393	12414.0454
7857.176836	12411.27416
7862.89171	12408.43655
7868.559617	12405.53403
7874.181336	12402.56848
7879.757642	12399.54176
7885.289312	12396.45572
7890.777122	12393.31224
7896.221848	12390.11318
7901.624266	12386.8604
7906.985154	12383.55576
7912.305287	12380.20112
7917.585442	12376.79836
7922.826395	12373.34933
7928.028922	12369.85589
7933.193799	12366.31992
7938.321804	12362.74326
7943.413712	12359.12779
7948.4703	12355.47538
7953.492344	12351.78787
7958.48062	12348.06714
7963.435905	12344.31504
7968.358975	12340.53345
7973.250606	12336.72422
7978.111575	12332.88922
7982.942658	12329.03031
7987.744631	12325.14936
7992.518271	12321.24822
7997.264354	12317.32877
8001.983656	12313.39286
8006.676954	12309.44235
8011.345024	12305.47912
8015.988641	12301.50501
8020.608415	12297.52095
8025.204684	12293.52632
8029.77776	12289.52033
8034.327951	12285.50223
8038.855569	12281.47122
8043.360925	12277.42653
8047.844328	12273.36738
8052.30609	12269.29301
8056.74652	12265.20262
8061.16593	12261.09546
8065.56463	12256.97073
8069.94293	12252.82766
8074.301142	12248.66549
8078.639575	12244.48342
8082.95854	12240.28069
8087.258348	12236.05651
8091.539308	12231.81012
8095.801733	12227.54073
8100.045932	12223.24757
8104.272215	12218.92987
8108.480894	12214.58684
8112.672279	12210.21771
8116.846679	12205.8217
8121.004407	12201.39804
8125.145773	12196.94595
8129.271086	12192.46466
8133.380658	12187.95339
8137.474798	12183.41135
8141.553819	12178.83779
8145.618029	12174.23191
8149.66775	12169.59294
8153.703526	12164.92003
8157.726125	12160.21224
8161.736322	12155.46865
8165.734894	12150.68832
8169.722616	12145.87033
8173.700267	12141.01373
8177.668621	12136.11761
8181.628455	12131.18102
8185.580546	12126.20303
8189.52567	12121.18272
8193.464603	12116.11916
8197.398121	12111.0114
8201.327002	12105.85852
8205.25202	12100.65959
8209.173953	12095.41368
8213.093577	12090.11985
8217.011668	12084.77717
8220.929002	12079.38472
8224.846356	12073.94155
8228.764507	12068.44674
8232.68423	12062.89936
8236.606301	12057.29847
8240.531498	12051.64315
8244.460597	12045.93246
8248.394373	12040.16547
8252.333604	12034.34124
8256.279065	12028.45886
8260.231533	12022.51737
8264.191784	12016.51587
8268.160595	12010.4534
8272.138559	12004.3293
8276.124427	11998.14547
8280.115884	11991.9053
8284.1106	11985.61222
8288.106246	11979.26964
8292.100494	11972.88098
8296.091015	11966.44964
8300.075479	11959.97905
8304.051557	11953.47263
8308.016921	11946.93378
8311.969241	11940.36592
8315.906188	11933.77248
8319.825434	11927.15686
8323.724649	11920.52249
8327.601505	11913.87277
8331.453672	11907.21112
8335.278821	11900.54097
8339.074624	11893.86572
8342.838751	11887.18879
8346.568874	11880.5136
8350.262663	11873.84356
8353.917789	11867.18209
8357.531923	11860.53261
8361.102737	11853.89852
8364.627902	11847.28326
8368.105087	11840.69022
8371.531965	11834.12284
8374.906206	11827.58451
8378.225482	11821.07867
8381.487463	11814.60872
8384.68982	11808.17809
8387.830731	11801.78923
8390.911034	11795.43959
8393.932435	11789.12497
8396.896644	11782.8412
8399.805367	11776.58407
8402.660313	11770.34939
8405.46319	11764.13298
8408.215705	11757.93063
8410.919567	11751.73816
8413.576483	11745.55138
8416.188162	11739.36608
8418.756311	11733.17809
8421.282639	11726.9832
8423.768853	11720.77723
8426.216661	11714.55598
8428.627771	11708.31527
8431.003891	11702.05089
8433.346729	11695.75865
8435.657993	11689.43438
8437.939391	11683.07386
8440.192631	11676.67292
8442.41942	11670.22735
8444.621467	11663.73296
8446.80048	11657.18558
8448.958166	11650.58099
8451.096234	11643.91501
8453.216391	11637.18344
8455.320346	11630.38211
8457.409806	11623.5068
8459.486479	11616.55333
8460.520554	11613.04598
8461.552073	11609.51752
8463.607584	11602.39718
8465.651976	11595.19596
8467.683853	11587.91851
8469.701816	11580.56949
8471.704469	11573.15355
8473.690413	11565.67536
8475.658252	11558.13957
8477.606588	11550.55083
8479.534023	11542.91382
8481.439161	11535.23318
8483.320604	11527.51357
8485.176954	11519.75966
8487.006814	11511.9761
8488.808787	11504.16754
8490.581475	11496.33865
8492.323481	11488.49409
8494.033408	11480.6385
8495.709857	11472.77656
8497.351432	11464.91291
8498.956735	11457.05222
8500.524369	11449.19915
8502.052937	11441.35834
8503.541041	11433.53447
8504.987283	11425.73218
8506.390266	11417.95614
8507.748593	11410.21101
8509.060867	11402.50143
8510.32569	11394.83208
8511.541664	11387.2076
8512.707392	11379.63266
8513.821482	11372.11188
8514.882817	11364.64754
8515.890736	11357.23814
8516.844617	11349.8818
8517.74384	11342.57666
8518.587782	11335.32086
8519.375825	11328.11254
8520.107345	11320.94984
8520.781722	11313.83088
8521.398335	11306.75381
8521.956564	11299.71676
8522.455786	11292.71788
8522.895381	11285.75529
8523.274727	11278.82714
8523.593205	11271.93155
8523.850192	11265.06668
8524.045067	11258.23065
8524.17721	11251.4216
8524.245999	11244.63767
8524.250814	11237.877
8524.191033	11231.13771
8524.066035	11224.41796
8523.8752	11217.71587
8523.617905	11211.02958
8523.29353	11204.35723
8522.901454	11197.69696
8522.441057	11191.0469
8521.911715	11184.40519
8521.31281	11177.76996
8520.643719	11171.13936
8519.903822	11164.51152
8519.092526	11157.88455
8518.20985	11151.25594
8517.25639	11144.62261
8516.232768	11137.98147
8515.139605	11131.3294
8513.977522	11124.66329
8512.747141	11117.98005
8511.449082	11111.27656
8510.083966	11104.54973
8508.652414	11097.79644
8507.155048	11091.01359
8505.592489	11084.19808
8503.965357	11077.34679
8502.274274	11070.45664
8500.519861	11063.5245
8498.702738	11056.54728
8496.823527	11049.52186
8494.88285	11042.44515
8492.881326	11035.31404
8490.819577	11028.12542
8489.766313	11024.50857
8488.698225	11020.87619
8487.615391	11017.22787
8486.51789	11013.56324
8485.405797	11009.8819
8484.279193	11006.18346
8483.138153	11002.46755
8481.982755	10998.73376
8480.813077	10994.98172
8479.629198	10991.21102
8478.431193	10987.4213
8477.219142	10983.61215
8475.993121	10979.78319
8474.753209	10975.93403
8473.499482	10972.06428
8472.23202	10968.17356
8470.950898	10964.26147
8469.656195	10960.32764
8468.347988	10956.37166
8467.026356	10952.39315
8465.691375	10948.39173
8464.343124	10944.367
8462.981679	10940.31859
8461.607129	10936.2465
8460.219569	10932.15114
8458.819096	10928.03296
8457.405808	10923.89241
8455.979801	10919.72993
8454.541172	10915.54598
8453.090019	10911.341
8451.626438	10907.11542
8450.150527	10902.86971
8448.662382	10898.60431
8447.162102	10894.31966
8445.649781	10890.01621
8444.125519	10885.6944
8441.041555	10876.99751
8437.910987	10868.23256
8434.73459	10859.40313
8431.513142	10850.51278
8428.247418	10841.56508
8424.938195	10832.5636
8421.586248	10823.51192
8418.192355	10814.41361
8414.757292	10805.27224
8411.281835	10796.09138
8407.766761	10786.8746
8404.212845	10777.62547
8400.620864	10768.34756
8396.991594	10759.04445
8393.325813	10749.7197
8389.624295	10740.37689
8385.887818	10731.01959
8382.117157	10721.65137
8378.31309	10712.27579
8374.476392	10702.89644
8370.60784	10693.51688
8366.708209	10684.14068
8362.778278	10674.77142
8358.818821	10665.41266
8354.830513	10656.06729
8350.813514	10646.73467
8346.767824	10637.41312
8342.693444	10628.10092
8338.590374	10618.79636
8334.458613	10609.49773
8330.298162	10600.20333
8326.10902	10590.91144
8321.891187	10581.62037
8317.644664	10572.3284
8313.36945	10563.03382
8309.065546	10553.73493
8304.732951	10544.43002
8300.371666	10535.11738
8295.98169	10525.7953
8291.563024	10516.46208
8287.115667	10507.116
8282.63962	10497.75536
8278.134882	10488.37845
8273.601453	10478.98357
8269.039334	10469.569
8264.448525	10460.13304
8259.829024	10450.67397
8255.180834	10441.1901
8250.503953	10431.67971
8245.798381	10422.1411
8241.064119	10412.57255
8236.301166	10402.97236
8231.509522	10393.33883
8226.689189	10383.67023
8221.840164	10373.96488
8216.962078	10364.22123
8212.053551	10354.43828
8207.113029	10344.6151
8202.13896	10334.75075
8197.129792	10324.84429
8192.083971	10314.89481
8186.999946	10304.90136
8181.876162	10294.86302
8176.711068	10284.77886
8171.503112	10274.64793
8166.250739	10264.46932
8160.952398	10254.24208
8155.606536	10243.9653
8150.211601	10233.63803
8144.766039	10223.25934
8139.268298	10212.82831
8133.716825	10202.344
8128.110068	10191.80547
8122.446474	10181.21181
8116.72449	10170.56207
8110.942564	10159.85533
8108.028637	10154.48029
8105.099142	10149.09065
8102.153886	10143.68629
8099.192673	10138.2671
8096.21531	10132.83296
8093.221604	10127.38375
8090.211358	10121.91936
8087.184381	10116.43967
8084.140477	10110.94457
8081.079453	10105.43393
8078.001114	10099.90765
8074.905266	10094.36559
8071.791715	10088.80766
8068.660268	10083.23373
8065.51073	10077.64368
8062.342906	10072.03741
8059.156604	10066.41478
8055.951628	10060.7757
8052.727786	10055.12003
8049.484913	10049.4477
8046.223226	10043.75906
8042.943186	10038.05476
8039.645259	10032.33542
8036.329911	10026.60169
8029.648812	10015.09362
8022.903618	10003.53567
8016.098054	9991.932965
8009.235846	9980.290632
8002.320722	9968.613792
7995.356408	9956.907569
7988.346629	9945.177087
7981.295113	9933.42747
7974.205585	9921.663841
7967.081773	9909.891325
7959.927402	9898.115045
7952.746199	9886.340125
7945.541891	9874.571689
7938.318204	9862.814861
7931.078863	9851.074764
7923.827597	9839.356523
7916.56813	9827.66526
7909.30419	9816.006101
7902.039502	9804.384168
7894.777794	9792.804586
7887.522792	9781.272478
7880.278221	9769.792968
7873.04781	9758.37118
7865.835283	9747.012238
7858.644367	9735.721266
7851.478789	9724.503387
7847.906666	9718.923458
7844.342275	9713.363725
7840.786082	9707.824826
7837.238552	9702.307404
7833.700151	9696.812097
7830.171247	9691.339375
7826.651886	9685.889137
7823.142048	9680.461172
7819.641714	9675.055264
7816.150864	9669.671202
7812.66948	9664.308771
7809.197542	9658.967759
7805.735029	9653.64795
7802.281924	9648.349133
7798.838207	9643.071093
7795.403857	9637.813617
7791.978856	9632.576491
7788.563185	9627.359503
7785.156823	9622.162438
7781.759752	9616.985083
7778.371952	9611.827224
7774.993403	9606.688649
7768.263984	9596.468493
7761.571338	9586.322907
7754.915311	9576.250184
7748.295747	9566.248615
7741.71249	9556.316492
7735.165387	9546.452108
7728.654281	9536.653754
7722.179017	9526.919723
7715.73944	9517.248306
7709.335395	9507.637796
7702.966726	9498.086485
7696.633278	9488.592665
7690.334896	9479.154627
7684.071425	9469.770664
7677.842709	9460.439069
7671.648592	9451.158132
7665.488921	9441.926147
7659.363539	9432.741405
7653.272291	9423.602198
7647.215023	9414.506818
7641.191578	9405.453558
7635.201801	9396.440709
7629.245548	9387.466554
7623.322767	9378.529279
7617.433459	9369.627022
7611.577624	9360.757919
7605.75526	9351.920109
7599.966369	9343.111726
7594.21095	9334.330909
7588.489003	9325.575794
7582.800529	9316.844517
7577.145527	9308.135216
7571.523997	9299.446028
7565.93594	9290.775088
7560.381355	9282.120535
7554.860242	9273.480504
7549.372602	9264.853132
7543.918433	9256.236557
7538.497737	9247.628915
7533.110514	9239.028343
7527.756762	9230.432978
7522.436483	9221.840956
7517.149676	9213.250415
7511.896342	9204.65949
7506.67648	9196.066319
7501.49009	9187.46904
7496.337172	9178.865787
7491.217727	9170.254699
7486.131754	9161.633912
7481.079253	9153.001563
7476.060225	9144.355788
7471.074669	9135.694725
7466.122585	9127.01651
7461.204059	9118.319925
7456.31959	9109.606839
7451.469797	9100.880048
7446.655303	9092.142346
7441.876728	9083.396529
7437.134693	9074.64539
7432.429819	9065.891725
7427.762728	9057.138328
7423.13404	9048.387995
7418.544377	9039.64352
7413.99436	9030.907698
7409.484609	9022.183323
7405.015746	9013.473191
7400.588392	9004.780097
7396.203167	8996.106834
7391.860694	8987.456199
7387.561593	8978.830985
7383.306484	8970.233988
7379.09599	8961.668002
7374.930731	8953.135823
7370.811329	8944.640244
7366.738403	8936.184061
7362.712577	8927.770069
7358.734469	8919.401062
7354.804703	8911.079835
7350.923897	8902.809184
7347.092675	8894.591902
7343.311656	8886.430785
7339.581463	8878.328627
7335.902715	8870.288223
7332.276034	8862.312367
7330.482419	8858.349328
7328.70208	8854.402777
7325.181612	8846.558357
7321.715407	8838.777554
7318.304241	8831.058816
7314.948891	8823.40059
7311.650133	8815.801324
7308.408743	8808.259465
7305.225498	8800.773459
7302.101173	8793.341755
7299.036546	8785.9628
7296.032392	8778.635041
7293.089489	8771.356925
7290.208611	8764.1269
7287.390536	8756.943413
7284.63604	8749.804911
7281.945899	8742.709842
7279.32089	8735.656654
7276.761789	8728.643792
7274.269372	8721.669706
7271.844416	8714.732841
7269.487696	8707.831646
7267.19999	8700.964567
7264.982073	8694.130053
7262.834722	8687.32655
7260.758714	8680.552505
7258.754824	8673.806367
7256.823829	8667.086582
7254.966506	8660.391597
7253.183629	8653.719861
7251.475977	8647.06982
7249.844313	8640.439934
7248.288693	8633.829308
7246.808119	8627.238017
7245.401503	8620.666219
7244.067759	8614.114066
7242.8058	8607.581716
7241.614538	8601.069322
7240.492888	8594.577041
7239.439761	8588.105028
7238.454072	8581.653437
7237.534733	8575.222424
7236.680658	8568.812145
7235.890759	8562.422755
7235.163951	8556.054408
7234.499145	8549.707261
7233.895255	8543.381468
7233.351194	8537.077185
7232.865875	8530.794567
7232.438212	8524.533769
7232.067117	8518.294946
7231.751505	8512.078255
7231.490286	8505.883849
7231.282376	8499.711885
7231.126687	8493.562517
7231.022132	8487.435902
7230.967625	8481.332193
7230.962078	8475.251547
7231.004404	8469.194119
7231.093518	8463.160063
7231.228331	8457.149536
7231.407757	8451.162692
7231.630722	8445.199661
7231.896389	8439.260098
7232.20413	8433.343242
7232.553324	8427.448316
7232.943349	8421.574544
7233.373585	8415.721149
7233.843411	8409.887355
7234.352205	8404.072385
7234.899347	8398.275464
7235.484215	8392.495815
7236.106188	8386.732662
7236.764646	8380.985228
7237.458966	8375.252736
7238.188529	8369.534412
7238.952713	8363.829478
7239.750897	8358.137158
7240.58246	8352.456675
7241.44678	8346.787254
7242.343238	8341.128118
7243.271211	8335.47849
7244.230078	8329.837595
7245.21922	8324.204655
7246.238013	8318.578896
7247.285838	8312.959539
7248.362074	8307.34581
7249.466099	8301.736931
7250.597292	8296.132127
7251.755032	8290.53062
7252.938698	8284.931635
7254.147669	8279.334396
7255.381325	8273.738125
7256.639109	8268.14208
7257.921038	8262.545803
7259.227419	8256.948982
7260.558564	8251.351306
7261.914783	8245.752465
7263.296386	8240.152148
7264.703684	8234.550045
7266.136987	8228.945846
7267.596607	8223.339239
7269.082853	8217.729915
7270.596036	8212.117562
7272.136467	8206.501871
7273.704456	8200.88253
7275.300314	8195.259229
7276.92435	8189.631658
7278.576877	8183.999506
7280.258204	8178.362462
7281.968641	8172.720216
7283.7085	8167.072458
7285.478091	8161.418877
7287.277724	8155.759162
7289.107711	8150.093003
7290.96836	8144.420089
7292.859984	8138.74011
7294.782892	8133.052755
7296.737395	8127.357714
7298.723804	8121.654676
7300.742429	8115.943331
7302.793581	8110.223367
7304.87757	8104.494476
7306.994707	8098.756345
7309.145257	8093.009048
7311.329279	8087.254411
7313.546774	8081.494764
7315.79774	8075.732435
7318.082179	8069.969754
7320.400091	8064.209049
7322.751475	8058.45265
7325.136331	8052.702885
7327.554659	8046.962083
7330.006459	8041.232574
7332.491732	8035.516687
7335.010477	8029.81675
7337.562695	8024.135092
7340.148385	8018.474043
7342.767547	8012.835931
7345.420181	8007.223086
7348.106288	8001.637836
7350.825866	7996.082511
7353.578918	7990.559439
7356.365441	7985.07095
7359.185437	7979.619373
7362.038905	7974.207035
7364.925845	7968.836268
7367.846258	7963.509399
7370.800143	7958.228757
7373.7875	7952.996672
7376.80833	7947.815473
7379.862632	7942.687488
7382.950406	7937.615047
7386.071652	7932.600478
7389.226371	7927.646108
7392.414522	7922.75343
7395.635965	7917.921836
7398.890546	7913.150395
7402.178109	7908.438174
7405.498498	7903.784243
7408.851559	7899.187669
7412.237136	7894.647522
7415.655074	7890.162869
7419.105218	7885.732779
7422.587412	7881.356321
7426.101501	7877.032562
7429.64733	7872.760571
7433.224743	7868.539417
7436.833586	7864.368167
7440.473703	7860.245891
7444.144938	7856.171657
7447.847137	7852.144533
7451.580145	7848.163587
7455.343805	7844.227888
7459.137963	7840.336505
7462.962463	7836.488505
7466.817151	7832.682957
7470.701871	7828.91893
7474.616467	7825.195492
7478.560784	7821.51171
7482.534668	7817.866655
7486.537962	7814.259394
7490.570512	7810.688995
7494.632163	7807.154527
7498.722758	7803.655058
7502.842137	7800.18966
7506.989837	7796.757523
7511.164959	7793.358013
7515.366573	7789.99051
7519.593746	7786.654391
7523.845547	7783.349036
7528.121044	7780.073824
7532.419306	7776.828133
7536.739401	7773.611343
7541.080397	7770.422833
7545.441364	7767.261982
7549.821368	7764.128168
7554.21948	7761.02077
7558.634766	7757.939168
7563.066296	7754.882739
7567.513138	7751.850864
7571.97436	7748.842922
7576.449031	7745.85829
7580.936219	7742.896348
7585.434993	7739.956475
7589.94442	7737.03805
7594.46357	7734.140452
7598.99151	7731.26306
7608.070036	7725.566408
7617.172546	7719.943126
7626.291586	7714.388246
7635.419705	7708.896798
7644.550834	7703.464409
7653.689763	7698.091357
7662.8464	7692.780112
7672.030681	7687.53316
7681.252544	7682.352984
7685.880674	7679.788713
7690.521926	7677.242069
7695.177542	7674.71336
7699.848764	7672.202899
7704.536834	7669.710994
7709.242994	7667.237958
7713.968487	7664.7841
7718.714555	7662.34973
7723.482439	7659.935161
7728.273382	7657.540701
7733.088626	7655.166662
7737.929414	7652.813354
7742.796986	7650.481087
7747.692586	7648.170173
7752.617456	7645.880921
7757.572837	7643.613642
7762.559973	7641.368648
7767.580104	7639.146247
7772.634473	7636.946751
7777.724323	7634.770471
7782.850895	7632.617716
7788.015338	7630.488787
7793.218033	7628.383884
7798.458981	7626.303165
7803.738184	7624.246784
7809.055641	7622.214897
7814.411352	7620.207659
7819.805317	7618.225225
7825.237535	7616.26775
7830.708008	7614.335391
7836.216735	7612.428301
7841.763716	7610.546636
7847.348952	7608.690552
7852.972441	7606.860204
7858.634184	7605.055747
7864.334181	7603.277336
7870.072433	7601.525127
7875.848938	7599.799274
7881.663697	7598.099934
7887.516711	7596.427261
7893.407978	7594.781411
7899.3375	7593.162539
7905.305275	7591.5708
7911.311305	7590.006349
7917.355589	7588.469342
7923.438127	7586.959935
7929.558918	7585.478281
7935.717964	7584.024537
7941.915264	7582.598858
7948.150818	7581.201398
7954.424626	7579.832315
7960.736688	7578.491761
7967.086721	7577.179918
7973.473201	7575.897066
7979.894264	7574.643516
7986.348048	7573.419579
7992.832689	7572.225565
7999.346324	7571.061785
8005.88709	7569.92855
8012.453123	7568.82617
8019.042562	7567.754955
8025.653541	7566.715216
8032.284198	7565.707263
8038.932671	7564.731408
8045.597094	7563.78796
8052.275607	7562.877231
8058.966344	7561.99953
8065.667444	7561.155168
8072.377042	7560.344456
8079.093276	7559.567704
8085.814283	7558.825223
8092.538198	7558.117324
8099.26316	7557.444316
8105.987305	7556.806511
8112.708769	7556.204218
8119.425689	7555.63775
8126.136203	7555.107415
8132.838446	7554.613524
8139.530557	7554.156389
8146.210671	7553.73632
8152.876925	7553.353626
8159.527457	7553.00862
8166.160402	7552.70161
8172.773899	7552.432783
8179.366083	7552.202028
8185.935091	7552.00919
8192.47906	7551.854113
8198.996128	7551.736643
8205.48443	7551.656623
8211.942103	7551.613899
8218.367285	7551.608315
8224.758112	7551.639717
8231.112722	7551.707948
8237.429249	7551.812853
8243.705833	7551.954278
8249.940608	7552.132067
8256.131713	7552.346065
8262.277284	7552.596116
8268.375457	7552.882065
8274.42437	7553.203757
8280.422159	7553.561037
8286.366961	7553.953749
8292.256913	7554.381739
8298.090152	7554.84485
8303.864815	7555.342928
8309.579037	7555.875817
8315.230957	7556.443362
8320.818711	7557.045408
8326.340435	7557.6818
8331.794267	7558.352382
8337.178342	7559.056998
8342.4908	7559.795495
8347.729774	7560.567716
8352.893448	7561.373505
8357.981982	7562.212643
8362.998281	7563.084826
8367.94545	7563.989743
8372.826594	7564.927085
8377.644819	7565.89654
8382.403229	7566.897798
8387.104931	7567.930548
8391.75303	7568.99448
8396.350631	7570.089283
8400.90084	7571.214647
8405.406761	7572.370261
8409.8715	7573.555815
8414.298162	7574.770998
8418.689853	7576.0155
8423.049679	7577.289009
8427.380743	7578.591217
8431.686153	7579.921811
8435.969012	7581.280482
8440.232427	7582.666918
8444.479503	7584.080811
8448.713345	7585.521847
8452.937058	7586.989719
8457.153748	7588.484114
8461.366521	7590.004722
8465.57848	7591.551233
8469.792733	7593.123337
8474.012384	7594.720722
8478.240538	7596.343078
8482.480301	7597.990095
8486.734778	7599.661461
8491.006934	7601.356888
8495.297444	7603.07641
8499.60512	7604.820332
8503.928719	7606.588964
8508.267	7608.382615
8512.61872	7610.201598
8516.982637	7612.046221
8521.35751	7613.916796
8525.742095	7615.813634
8530.135151	7617.737044
8534.535436	7619.687338
8538.941707	7621.664826
8543.352723	7623.669818
8547.767241	7625.702625
8552.184019	7627.763558
8556.601815	7629.852926
8561.019387	7631.971042
8565.435493	7634.118214
8569.84889	7636.294754
8574.258337	7638.500972
8578.662591	7640.737179
8583.06041	7643.003685
8587.450553	7645.300801
8591.831776	7647.628837
8596.202838	7649.988104
8600.562496	7652.378913
8604.90951	7654.801573
8609.242635	7657.256396
8613.560631	7659.743691
8617.862254	7662.263771
8622.146264	7664.816944
8626.411566	7667.403571
8630.65823	7670.024401
8634.886874	7672.680362
8639.098118	7675.372388
8643.292584	7678.101409
8647.470893	7680.868357
8651.633666	7683.674164
8655.781524	7686.519762
8659.915088	7689.406081
8664.034979	7692.334054
8668.141819	7695.304612
8672.236228	7698.318687
8676.318827	7701.377211
8680.390237	7704.481114
8684.451081	7707.631329
8688.501977	7710.828787
8692.543549	7714.07442
8696.576416	7717.369159
8700.601199	7720.713937
8704.618521	7724.109684
8708.629002	7727.557332
8712.633262	7731.057813
8716.631924	7734.612058
8720.625608	7738.220999
8724.614935	7741.885568
8728.600526	7745.606696
8732.583002	7749.385315
8736.562985	7753.222357
8740.541095	7757.118752
8744.517954	7761.075433
8748.494183	7765.093331
8752.470402	7769.173007
8756.447233	7773.31347
8760.425296	7777.513322
8764.405214	7781.771165
8768.387606	7786.085602
8772.373095	7790.455237
8776.3623	7794.87867
8780.355844	7799.354506
8784.354347	7803.881347
8788.35843	7808.457794
8792.368714	7813.082452
8796.385821	7817.753922
8800.410371	7822.470806
8804.442986	7827.231709
8808.484287	7832.035232
8812.534894	7836.879977
8816.595429	7841.764548
8820.666513	7846.687547
8824.748766	7851.647576
8828.842811	7856.643239
8832.949268	7861.673137
8837.068757	7866.735874
8841.201901	7871.830052
8845.34932	7876.954273
8849.511635	7882.107141
8853.689468	7887.287257
8857.883439	7892.493225
8862.09417	7897.723646
8866.322281	7902.977125
8870.568394	7908.252262
8874.833128	7913.547663
8879.116718	7918.862315
8883.418514	7924.196095
8887.737737	7929.549001
8892.073613	7934.921035
8896.425364	7940.312195
8900.792215	7945.722483
8905.173389	7951.151897
8909.56811	7956.600439
8913.975601	7962.068107
8918.395086	7967.554903
8922.825789	7973.060826
8927.266933	7978.585875
8931.717743	7984.130052
8940.645251	7995.275787
8949.602104	8006.498029
8958.582091	8017.79678
8967.579001	8029.172039
8976.586623	8040.623806
8985.598746	8052.152081
8994.60916	8063.756864
9003.611655	8075.438155
9012.600025	8087.195951
9021.569457	8099.029554
9030.518276	8110.936696
9039.445242	8122.914891
9048.349111	8134.961656
9057.228642	8147.074506
9066.082592	8159.250957
9074.90972	8171.488525
9083.708783	8183.784726
9092.478538	8196.137075
9101.217745	8208.543088
9109.925161	8221.000281
9118.599543	8233.506169
9127.23965	8246.058268
9135.844239	8258.654094
9144.412068	8271.291163
9152.945093	8283.971497
9157.205947	8290.338084
9161.46912	8296.730748
9165.73919	8303.155855
9170.02074	8309.61977
9174.318348	8316.12886
9178.636596	8322.68949
9182.980064	8329.308026
9187.353332	8335.990835
9191.76098	8342.744283
9193.979128	8346.149485
9196.20759	8349.574734
9198.446936	8353.020826
9200.69774	8356.488556
9202.960575	8359.97872
9205.236012	8363.492114
9207.524626	8367.029533
9209.826987	8370.591774
9212.143669	8374.179631
9214.475244	8377.793902
9216.822284	8381.43538
9219.185363	8385.104864
9221.565053	8388.803147
9223.961926	8392.531025
9226.376555	8396.289296
9228.809512	8400.078753
9231.261371	8403.900194
9233.732703	8407.754413
9236.224081	8411.642206
9238.736077	8415.56437
9241.269265	8419.5217
9243.824216	8423.514991
9246.401504	8427.54504
9249.001701	8431.612642
9251.625379	8435.718593
9254.27311	8439.863688
9256.945469	8444.048724
9259.643026	8448.274496
9262.366355	8452.5418
9265.116028	8456.851432
9267.892617	8461.204187
9270.696696	8465.600861
9273.528837	8470.042249
9276.389611	8474.529149
9279.279593	8479.062355
9282.199354	8483.642663
9285.149467	8488.270868
9288.130504	8492.947767
9291.143039	8497.674156
9294.187643	8502.45083
9297.264917	8507.27858
9300.3759	8512.158136
9303.521969	8517.090179
9306.704512	8522.075388
9309.924917	8527.114443
9313.184572	8532.208022
9316.484864	8537.356804
9319.827181	8542.56147
9323.212911	8547.822698
9326.643442	8553.141168
9330.12016	8558.517559
9333.644455	8563.95255
9337.217713	8569.446821
9340.841322	8575.001051
9344.51667	8580.615919
9348.245145	8586.292104
9352.028134	8592.030286
9353.940505	8594.922838
9355.867025	8597.831144
9357.807867	8600.755289
9359.763205	8603.695358
9361.733213	8606.651435
9363.718064	8609.623606
9365.71793	8612.611955
9367.732987	8615.616568
9369.763407	8618.637529
9371.809363	8621.674923
9373.87103	8624.728836
9375.94858	8627.799351
9378.042187	8630.886555
9380.152025	8633.990531
9382.278266	8637.111365
9384.421085	8640.249142
9386.580655	8643.403946
9388.75715	8646.575863
9390.950742	8649.764977
9393.161605	8652.971374
9395.389914	8656.195138
9397.63584	8659.436354
9399.899558	8662.695107
9402.181242	8665.971482
9404.481064	8669.265564
9406.799198	8672.577438
9409.135817	8675.907188
9411.491095	8679.2549
9413.865206	8682.620659
9416.258323	8686.004549
9418.670619	8689.406656
9421.102269	8692.827063
9423.553444	8696.265857
9426.024319	8699.723122
9428.515067	8703.198943
9431.025862	8706.693405
9433.556878	8710.206593
9436.108286	8713.738592
9438.680262	8717.289486
9441.272979	8720.859361
9443.886609	8724.448301
9446.521327	8728.056392
9449.177306	8731.683717
9451.854719	8735.330364
9454.55374	8738.996415
9457.274542	8742.681956
9460.0173	8746.387073
9462.782185	8750.111849
9465.569372	8753.85637
9468.379034	8757.62072
9471.211345	8761.404985
9474.066478	8765.20925
9476.944606	8769.033599
9479.845904	8772.878118
9482.770544	8776.74289
9485.7187	8780.628002
9488.690545	8784.533538
9491.686253	8788.459583
9494.705998	8792.406222
9497.749952	8796.373539
9500.81829	8800.361621
9503.911184	8804.370551
9507.028808	8808.400414
9510.171336	8812.451296
9513.338941	8816.523281
9516.531797	8820.616455
9519.750077	8824.730901
9522.993954	8828.866706
9526.263602	8833.023954
9529.559195	8837.20273
9532.880905	8841.403118
9536.228907	8845.625205
9539.603373	8849.869074
9543.004478	8854.13481
9546.432395	8858.422499
9549.887296	8862.732226
9553.369357	8867.064074
9556.878749	8871.41813
9560.415647	8875.794478
9563.980224	8880.193203
9567.572654	8884.61439
9571.193109	8889.058124
9574.841764	8893.52449
9578.518792	8898.013572
9582.224366	8902.525456
9585.95866	8907.060226
9589.721847	8911.617968
9593.514101	8916.198766
9597.335595	8920.802705
9601.186503	8925.429871
