503712.746779 4316466.450602
503714.707844 4316464.097324
503716.668909 4316461.744046
503718.629974 4316459.390768
503720.591039 4316457.037490
503722.552104 4316454.684212
503724.513169 4316452.330934
503726.474234 4316449.977656
503728.435300 4316447.624377
503730.396365 4316445.271099
503732.357430 4316442.917821
503734.318495 4316440.564543
503736.279560 4316438.211265
503738.240625 4316435.857987
503740.201690 4316433.504709
503742.102415 4316431.322396
503744.003139 4316429.140082
503745.903864 4316426.957769
503747.804588 4316424.775455
503749.705313 4316422.593142
503751.606038 4316420.410828
503753.506762 4316418.228515
503755.407487 4316416.046201
503757.308212 4316413.863888
503759.208936 4316411.681574
503761.109661 4316409.499261
503763.010385 4316407.316947
503764.911110 4316405.134634
503766.741437 4316402.846725
503768.571765 4316400.558815
503770.402092 4316398.270906
503772.232420 4316395.982997
503774.062747 4316393.695088
503775.893075 4316391.407178
503777.723402 4316389.119269
503779.553729 4316386.831360
503781.384057 4316384.543450
503783.214384 4316382.255541
503785.044712 4316379.967632
503786.875039 4316377.679723
503788.705367 4316375.391813
503790.535694 4316373.103904
503792.366021 4316370.685257
503794.196349 4316368.266610
503796.026676 4316365.847963
503797.857003 4316363.429317
503799.687331 4316361.010670
503801.517658 4316358.592023
503803.347986 4316356.173376
503805.178313 4316353.754729
503807.008640 4316351.336082
503808.838968 4316348.917435
503810.669295 4316346.498789
503812.499622 4316344.080142
503814.329950 4316341.661495
503816.160277 4316339.242848
503818.252080 4316336.954939
503820.343883 4316334.667029
503822.435685 4316332.379120
503824.527488 4316330.091211
503826.619291 4316327.803302
503828.711094 4316325.515392
503830.802896 4316323.227483
503832.894699 4316320.939574
503834.986502 4316318.651664
503837.078305 4316316.363755
503839.170108 4316314.075846
503841.261910 4316311.787937
503843.353713 4316309.500027
503845.445516 4316307.212118
503847.471950 4316305.054946
503849.498384 4316302.897775
503851.524818 4316300.740603
503853.551251 4316298.583432
503855.577685 4316296.426260
503857.604119 4316294.269089
503859.630553 4316292.111917
503861.656987 4316289.954745
503863.683421 4316287.797574
503865.709855 4316285.640402
503867.736288 4316283.483231
503869.762722 4316281.326059
503871.789156 4316279.168888
503873.815590 4316277.011716
503875.874708 4316274.876334
503877.933827 4316272.740952
503879.992945 4316270.605570
503882.052063 4316268.470188
503884.111182 4316266.334806
503886.170300 4316264.199424
503888.229418 4316262.064042
503890.288537 4316259.928660
503892.347655 4316257.793278
503894.406773 4316255.657896
503896.465892 4316253.522514
503898.525010 4316251.387132
503900.660392 4316249.175486
503902.795774 4316246.963841
503904.931156 4316244.752195
503907.066538 4316242.540550
503909.201920 4316240.328904
503911.337302 4316238.117259
503913.472684 4316235.905613
503915.608066 4316233.693967
503917.743448 4316231.482322
503919.878830 4316229.270676
503922.014212 4316227.059031
503924.149594 4316224.847385
503926.261510 4316222.805866
503928.373426 4316220.764347
503930.485343 4316218.722828
503932.597259 4316216.681309
503934.709175 4316214.639790
503936.821091 4316212.598271
503938.933008 4316210.556752
503941.044924 4316208.515233
503943.156840 4316206.473714
503945.268756 4316204.432195
503947.380673 4316202.390676
503949.492589 4316200.349157
503951.604505 4316198.307638
503954.273732 4316197.011156
503956.942960 4316195.714674
503959.612187 4316194.418192
503962.281415 4316193.121710
503964.950642 4316191.825228
503967.619870 4316190.528746
503970.289097 4316189.232265
503972.958324 4316187.935783
503975.627552 4316186.639301
503978.296779 4316185.342819
503980.966007 4316184.046337
503983.635234 4316182.749855
503986.239931 4316181.412308
503988.844627 4316180.074761
503991.449324 4316178.737214
503994.054021 4316177.399667
503996.658717 4316176.062120
503999.263414 4316174.724573
504001.868111 4316173.387027
504004.472808 4316172.049480
504007.077504 4316170.711933
504009.682201 4316169.374386
504012.286898 4316168.036839
504014.891594 4316166.699292
504017.496291 4316165.361745
504020.452974 4316164.657773
504023.409656 4316163.953801
504026.366339 4316163.249829
504029.323022 4316162.545857
504032.279704 4316161.841885
504035.236387 4316161.137913
504038.193070 4316160.433940
504041.149753 4316159.729968
504044.106435 4316159.025996
504047.063118 4316158.322024
504050.019801 4316157.618052
504052.976483 4316156.914080
504055.933166 4316156.210108
504058.809395 4316155.491051
504061.685624 4316154.771994
504064.561852 4316154.052936
504067.438081 4316153.333879
504070.314310 4316152.614822
504073.190539 4316151.895765
504076.066768 4316151.176707
504078.942996 4316150.457650
504081.819225 4316149.738593
504084.695454 4316149.019536
504087.571683 4316148.300479
504090.447911 4316147.581421
504093.324140 4316146.862364
504096.200369 4316146.143307
504099.157052 4316145.650527
504102.113735 4316145.157746
504105.070417 4316144.664966
504108.027100 4316144.172185
504110.983783 4316143.679405
504113.940466 4316143.186624
504116.897148 4316142.693844
504119.853831 4316142.201063
504122.810514 4316141.708283
504125.767197 4316141.215502
504128.723879 4316140.722722
504131.680562 4316140.229941
504134.637245 4316139.737161
504137.687791 4316139.920194
504140.738336 4316140.103226
504143.788882 4316140.286259
504146.839428 4316140.469292
504149.889973 4316140.652325
504152.940519 4316140.835357
504155.991065 4316141.018390
504159.041610 4316141.201423
504162.092156 4316141.384456
504165.142702 4316141.567488
504168.193247 4316141.750521
504171.243793 4316141.933554
504174.294339 4316142.116587
504177.344884 4316142.299619
504180.395430 4316142.482652
504183.356254 4316143.343983
504186.317077 4316144.205313
504189.277901 4316145.066644
504192.238725 4316145.927974
504195.199549 4316146.789305
504198.160372 4316147.650635
504201.121196 4316148.511966
504204.082020 4316149.373296
504207.042843 4316150.234627
504210.003667 4316151.095957
504212.964491 4316151.957288
504215.925314 4316152.818618
504218.886138 4316153.679949
504221.846962 4316154.541279
504224.807786 4316155.402610
504227.768609 4316156.263940
504230.729433 4316157.125271
504233.404527 4316158.392421
504236.079621 4316159.659571
504238.754715 4316160.926720
504241.429809 4316162.193870
504244.104903 4316163.461020
504246.779997 4316164.728170
504249.455090 4316165.995319
504252.130184 4316167.262469
504254.805278 4316168.529619
504257.480372 4316169.796769
504260.155466 4316171.063918
504262.830560 4316172.331068
504265.505654 4316173.598218
504268.007101 4316175.123491
504270.508549 4316176.648764
504273.009996 4316178.174036
504275.511444 4316179.699309
504278.012891 4316181.224582
504280.514338 4316182.749855
504283.015786 4316184.275128
504285.517233 4316185.800400
504288.018681 4316187.325673
504290.520128 4316188.850946
504293.021575 4316190.376219
504295.523023 4316191.901492
504298.024470 4316193.426764
504300.525918 4316194.952037
504303.027365 4316196.477310
504305.315274 4316198.536428
504307.603184 4316200.595547
504309.891093 4316202.654665
504312.179002 4316204.713783
504314.466911 4316206.772902
504316.754821 4316208.832020
504319.042730 4316210.891139
504321.330639 4316212.950257
504323.618548 4316215.009375
504325.906458 4316217.068494
504328.194367 4316219.127612
504330.482276 4316221.186731
504332.770185 4316223.245849
504335.058095 4316225.304967
504337.346004 4316227.364086
504339.633913 4316229.423204
504341.202765 4316231.972589
504342.771617 4316234.521973
504344.340469 4316237.071358
504345.909321 4316239.620742
504347.478173 4316242.170127
504349.047025 4316244.719511
504350.615877 4316247.268896
504352.184730 4316249.818281
504353.753582 4316252.367665
504355.322434 4316254.917050
504356.891286 4316257.466434
504358.460138 4316260.015819
504360.028990 4316262.565203
504361.597842 4316265.114588
504363.101325 4316267.598604
504364.604808 4316270.082619
504366.108292 4316272.566635
504367.611775 4316275.050651
504369.115258 4316277.534667
504370.618741 4316280.018682
504372.122225 4316282.502698
504373.625708 4316284.986714
504375.129191 4316287.470729
504376.632674 4316289.954745
504378.136157 4316292.438761
504379.639641 4316294.922777
504381.143124 4316297.406792
504382.646607 4316299.890808
504384.049858 4316302.453266
504385.453109 4316305.015725
504386.856360 4316307.578183
504388.259611 4316310.140642
504389.662862 4316312.703100
504391.066113 4316315.265558
504392.469364 4316317.828017
504393.872615 4316320.390475
504395.275866 4316322.952934
504396.679117 4316325.515392
504398.082368 4316328.077850
504399.485619 4316330.640309
504400.888870 4316333.202767
504402.292121 4316335.765226
504403.695372 4316338.327684
504404.962522 4316341.073175
504406.229672 4316343.818666
504407.496821 4316346.564157
504408.763971 4316349.309648
504410.031121 4316352.055139
504411.298271 4316354.800630
504412.565420 4316357.546122
504413.832570 4316360.291613
504415.099720 4316363.037104
504416.366870 4316365.782595
504417.634019 4316368.528086
504418.901169 4316371.273577
504420.168319 4316374.019068
504420.900450 4316376.947592
504421.632581 4316379.876116
504422.364712 4316382.804640
504423.096843 4316385.733163
504423.828974 4316388.661687
504424.561105 4316391.590211
504425.293236 4316394.518735
504426.025366 4316397.447259
504426.757497 4316400.375783
504427.489628 4316403.304307
504428.221759 4316406.232831
504428.953890 4316409.161354
504429.686021 4316412.089878
504430.418152 4316415.018402
504431.150283 4316417.946926
504431.542496 4316420.823155
504431.934709 4316423.699384
504432.326922 4316426.575612
504432.719135 4316429.451841
504433.111348 4316432.328070
504433.503561 4316435.204299
504433.895774 4316438.080527
504434.287988 4316440.956756
504434.680201 4316443.832985
504435.072414 4316446.709214
504435.464627 4316449.585443
504435.856840 4316452.461671
504436.249053 4316455.337900
504436.641266 4316458.214129
504436.852458 4316461.170812
504437.063649 4316464.127494
504437.274841 4316467.084177
504437.486032 4316470.040860
504437.697224 4316472.997542
504437.908416 4316475.954225
504438.119607 4316478.910908
504438.330799 4316481.867591
504438.541991 4316484.824273
504438.753182 4316487.780956
504438.964374 4316490.737639
504439.175565 4316493.694321
504439.386757 4316496.651004
504439.615548 4316499.701550
504439.844339 4316502.752095
504440.073130 4316505.802641
504440.301921 4316508.853187
504440.530712 4316511.903732
504440.759503 4316514.954278
504440.988293 4316518.004824
504441.217084 4316521.055369
504441.445875 4316524.105915
504441.674666 4316527.156461
504441.903457 4316530.207006
504442.132248 4316533.257552
504443.188206 4316536.073440
504444.244164 4316538.889329
504445.300122 4316541.705217
504446.356080 4316544.521105
504447.412038 4316547.336994
504448.467996 4316550.152882
504449.523955 4316552.968770
504450.579913 4316555.784658
504451.635871 4316558.600547
504452.691829 4316561.416435
504453.747787 4316564.232323
504454.803745 4316567.048212
504455.859703 4316569.864100
504457.549236 4316572.398399
504459.238769 4316574.932699
504460.928302 4316577.466998
504462.617835 4316580.001298
504464.307368 4316582.535597
504465.996901 4316585.069897
504467.686434 4316587.604196
504469.375967 4316590.138496
504471.065500 4316592.672795
504472.755033 4316595.207095
504474.444566 4316597.741394
504476.134099 4316600.275694
504477.823632 4316602.809993
504479.806487 4316605.174166
504481.789341 4316607.538339
504483.772196 4316609.902512
504485.755051 4316612.266685
504487.737905 4316614.630858
504489.720760 4316616.995031
504491.703615 4316619.359203
504493.686469 4316621.723376
504495.669324 4316624.087549
504497.652179 4316626.451722
504499.635033 4316628.815895
504501.617888 4316631.180068
504503.753270 4316633.315450
504505.888652 4316635.450832
504508.024034 4316637.586214
504510.159416 4316639.721596
504512.294798 4316641.856978
504514.430180 4316643.992360
504516.565562 4316646.127741
504518.700944 4316648.263123
504520.836326 4316650.398505
504522.971708 4316652.533887
504525.107090 4316654.669269
504527.242472 4316656.804651
504529.571980 4316658.718175
504531.901487 4316660.631699
504534.230995 4316662.545224
504536.560502 4316664.458748
504538.890010 4316666.372272
504541.219517 4316668.285796
504543.549025 4316670.199320
504545.878532 4316672.112844
504548.208040 4316674.026369
504550.537547 4316675.939893
504552.867055 4316677.853417
504555.481808 4316679.291531
504558.096562 4316680.729646
504560.711315 4316682.167760
504563.326069 4316683.605874
504565.940822 4316685.043989
504568.555576 4316686.482103
504571.170329 4316687.920218
504573.785082 4316689.358332
504576.399836 4316690.796446
504579.014589 4316692.234561
504581.629343 4316693.672675
504584.244096 4316695.110789
504586.858850 4316696.548904
504589.473603 4316697.987018
504592.390687 4316698.959379
504595.307772 4316699.931741
504598.224856 4316700.904102
504601.141940 4316701.876464
504604.059025 4316702.848825
504606.976109 4316703.821187
504609.893193 4316704.793548
504612.810277 4316705.765910
504615.727362 4316706.738271
504618.644446 4316707.710632
504621.561530 4316708.682994
504624.478615 4316709.655355
504627.395699 4316710.627717
504630.312783 4316711.600078
504633.229868 4316712.572440
504636.146952 4316713.544801
504639.107776 4316714.136966
504642.068600 4316714.729131
504645.029423 4316715.321295
504647.990247 4316715.913460
504650.951071 4316716.505625
504653.911895 4316717.097790
504656.872718 4316717.689954
504659.833542 4316718.282119
504662.794366 4316718.874284
504665.755190 4316719.466449
504668.716013 4316720.058613
504671.676837 4316720.650778
504674.637661 4316721.242943
504677.598485 4316721.835108
504680.559308 4316722.427272
504683.520132 4316723.019437
504686.480956 4316723.611602
504689.378974 4316724.297975
504692.276993 4316724.984347
504695.175011 4316725.670720
504698.073029 4316726.357093
504700.971048 4316727.043466
504703.869066 4316727.729838
504706.767084 4316728.416211
504709.665103 4316729.102584
504712.563121 4316729.788957
504715.461139 4316730.475329
504718.359158 4316731.161702
504721.257176 4316731.848075
504724.264142 4316732.436394
504727.271109 4316733.024714
504730.278075 4316733.613033
504733.285042 4316734.201353
504736.292008 4316734.789673
504739.298975 4316735.377992
504742.305941 4316735.966312
504745.312907 4316736.554631
504748.319874 4316737.142951
504751.326840 4316737.731270
504754.333807 4316738.319590
504757.340773 4316738.907909
504760.347740 4316739.496229
504763.354706 4316740.084548
504766.252724 4316740.618394
504769.150743 4316741.152239
504772.048761 4316741.686085
504774.946780 4316742.219930
504777.844798 4316742.753776
504780.742816 4316743.287621
504783.640835 4316743.821466
504786.538853 4316744.355312
504789.436872 4316744.889158
504792.334890 4316745.423003
504795.232909 4316745.956849
504798.130927 4316746.490694
504801.028945 4316747.177067
504803.926964 4316747.863440
504806.824982 4316748.549812
504809.723001 4316749.236185
504812.621019 4316749.922558
504815.519037 4316750.608931
504818.417056 4316751.295303
504821.315074 4316751.981676
504824.213093 4316752.668049
504827.111111 4316753.354422
504830.009130 4316754.040794
504832.907148 4316754.727167
504835.652639 4316756.099913
504838.398130 4316757.472658
504841.143621 4316758.845404
504843.889112 4316760.218149
504846.634603 4316761.590895
504849.380094 4316762.963640
504852.125586 4316764.336386
504854.871077 4316765.709132
504857.616568 4316767.081877
504860.362059 4316768.454623
504863.107550 4316769.827368
504865.853041 4316771.200114
504868.598532 4316772.572859
504871.344023 4316773.945605
504873.874181 4316775.452933
504876.404340 4316776.960262
504878.934498 4316778.467590
504881.464657 4316779.974919
504883.994815 4316781.482247
504886.524974 4316782.989576
504889.055132 4316784.496904
504891.585291 4316786.004233
504894.115449 4316787.511561
504896.645608 4316789.018890
504899.175766 4316790.526218
504901.705925 4316792.033547
504904.236083 4316793.540875
504906.766242 4316795.048204
504909.296400 4316796.555532
504911.826559 4316798.062861
504914.356717 4316799.570189
504916.301440 4316801.743703
504918.246163 4316803.917217
504920.190886 4316806.090730
504922.135609 4316808.264244
504924.080331 4316810.437758
504926.025054 4316812.611272
504927.969777 4316814.784785
504929.914500 4316816.958299
504931.859223 4316819.131813
504933.803946 4316821.305327
504935.748669 4316823.478840
504937.693392 4316825.652354
504939.638114 4316827.825868
504941.582837 4316829.999382
504943.527560 4316832.172895
504945.472283 4316834.346409
504947.356444 4316836.661235
504949.240604 4316838.976061
504951.124765 4316841.290886
504953.008925 4316843.605712
504954.893086 4316845.920538
504956.777246 4316848.235364
504958.661407 4316850.550190
504960.545567 4316852.865016
504962.429728 4316855.179841
504964.313888 4316857.494667
504966.198049 4316859.809493
504968.082209 4316862.124319
504969.966370 4316864.439145
504971.850530 4316866.753971
504973.734691 4316869.068796
504975.618851 4316871.383622
504977.503012 4316873.698448
504978.662219 4316876.382928
504979.821427 4316879.067408
504980.980634 4316881.751889
504982.139842 4316884.436369
504983.299049 4316887.120849
504984.458256 4316889.805329
504985.617464 4316892.489809
504986.776671 4316895.174290
504987.935879 4316897.858770
504989.095086 4316900.543250
504990.254293 4316903.227730
504991.413501 4316905.912210
504992.572708 4316908.596691
504993.731916 4316911.281171
504994.891123 4316913.965651
504996.667617 4316916.441976
504998.444111 4316918.918302
505000.220606 4316921.394627
505001.997100 4316923.870952
505003.773594 4316926.347277
505005.550088 4316928.823603
505007.326583 4316931.299928
505009.103077 4316933.776253
505010.879571 4316936.252579
505012.656065 4316938.728904
505014.432560 4316941.205229
505016.209054 4316943.681555
505017.985548 4316946.157880
505019.762042 4316948.634205
505021.538537 4316951.110530
505023.315031 4316953.586856
505025.091525 4316956.063181
505027.074380 4316958.427354
505029.057234 4316960.791527
505031.040089 4316963.155700
505033.022944 4316965.519873
505035.005798 4316967.884046
505036.988653 4316970.248219
505038.971508 4316972.612391
505040.954362 4316974.976564
505042.937217 4316977.340737
505044.920072 4316979.704910
505046.902926 4316982.069083
505048.885781 4316984.433256
505051.230888 4316986.377979
505053.575995 4316988.322702
505055.921102 4316990.267425
505058.266209 4316992.212148
505060.611316 4316994.156870
505062.956423 4316996.101593
505065.301530 4316998.046316
505067.646637 4316999.991039
505069.991743 4317001.935762
505072.336850 4317003.880485
505074.681957 4317005.825208
505077.027064 4317007.769931
505079.372171 4317009.714653
505081.717278 4317011.659376
505084.062385 4317013.604099
505086.407492 4317015.548822
505088.908939 4317017.318138
505091.410387 4317019.087455
505093.911834 4317020.856771
505096.413282 4317022.626088
505098.914729 4317024.395404
505101.416177 4317026.164721
505103.917624 4317027.934037
505106.419072 4317029.703354
505108.920519 4317031.472670
505111.421967 4317033.241987
505113.923414 4317035.011303
505116.424862 4317036.780620
505118.926309 4317038.549936
505121.427757 4317040.319253
505123.929204 4317042.088569
505126.890028 4317042.734567
505129.850852 4317043.380565
505132.811675 4317044.026563
505135.772499 4317044.672561
505138.733323 4317045.318558
505141.694147 4317045.964556
505144.654970 4317046.610554
505147.615794 4317047.256552
505150.576618 4317047.902550
505153.537442 4317048.548548
505156.498265 4317049.194546
505159.459089 4317049.840544
505162.419913 4317050.486541
505165.380737 4317051.132539
505168.341560 4317051.778537
505171.302384 4317052.424535
505174.263208 4317053.070533
505177.313754 4317052.826489
505180.364299 4317052.582446
505183.414845 4317052.338402
505186.465391 4317052.094359
505189.515936 4317051.850315
505192.566482 4317051.606271
505195.617028 4317051.362228
505198.667573 4317051.118184
505201.718119 4317050.874141
505204.768665 4317050.630097
505207.819210 4317050.386053
505210.869756 4317050.142010
505213.920302 4317049.897966
505216.970847 4317049.653923
505220.021393 4317049.409879
505222.659218 4317048.171716
505225.297043 4317046.933554
505227.934867 4317045.695391
505230.572692 4317044.457228
505233.210517 4317043.219066
505235.848342 4317041.980903
505238.486166 4317040.742740
505241.123991 4317039.504578
505243.761816 4317038.266415
505246.399641 4317037.028253
505249.037465 4317035.790090
505251.675290 4317034.551927
505254.313115 4317033.313765
505256.950940 4317032.075602
505259.588764 4317030.837439
505262.226589 4317029.599277
505264.864414 4317028.361114
505266.839241 4317026.097288
505268.814068 4317023.833462
505270.788895 4317021.569636
505272.763722 4317019.305810
505274.738549 4317017.041984
505276.713376 4317014.778158
505278.688203 4317012.514332
505280.663030 4317010.250506
505282.637857 4317007.986680
505284.612683 4317005.722854
505286.587510 4317003.459028
505288.562337 4317001.195202
505290.537164 4316998.931376
505292.511991 4316996.667550
505294.486818 4316994.403724
505296.461645 4316992.139898
505298.436472 4316989.876072
505300.411299 4316987.612246
505302.386126 4316985.348420
505303.408956 4316982.602929
505304.431786 4316979.857438
505305.454616 4316977.111947
505306.477446 4316974.366456
505307.500276 4316971.620964
505308.523106 4316968.875473
505309.545936 4316966.129982
505310.568766 4316963.384491
505311.591596 4316960.639000
505312.614426 4316957.893509
505313.637256 4316955.148018
505314.660086 4316952.402527
505315.682916 4316949.657035
505316.705746 4316946.911544
505317.728576 4316944.166053
505318.751406 4316941.420562
505319.774236 4316938.675071
505320.445356 4316935.685536
505321.116476 4316932.696002
505321.787596 4316929.706467
505322.458716 4316926.716932
505323.129836 4316923.727397
505323.800956 4316920.737863
505324.472076 4316917.748328
505325.143197 4316914.758793
505325.814317 4316911.769258
505326.485437 4316908.779724
505327.156557 4316905.790189
505327.827677 4316902.800654
505328.498797 4316899.811119
505329.169917 4316896.821585
505329.841037 4316893.832050
505330.298619 4316890.903526
505330.756201 4316887.975002
505331.213783 4316885.046478
505331.671364 4316882.117955
505332.128946 4316879.189431
505332.586528 4316876.260907
505333.044110 4316873.332383
505333.501692 4316870.403859
505333.959274 4316867.475335
505334.416856 4316864.546812
505334.874437 4316861.618288
505335.332019 4316858.689764
505335.789601 4316855.761240
505336.247183 4316852.832716
505336.704765 4316849.904192
505337.162347 4316846.975668
505337.619928 4316844.047145
505338.077510 4316841.118621
505338.535092 4316838.190097
505338.992674 4316835.261573
505338.585935 4316832.211027
505338.179195 4316829.160482
505337.772456 4316826.109936
505337.365716 4316823.059390
505336.958977 4316820.008845
505336.552237 4316816.958299
505336.145498 4316813.907753
505335.738758 4316810.857208
505335.332019 4316807.806662
505334.925280 4316804.756116
505334.518540 4316801.705571
505334.111801 4316798.655025
505333.705061 4316795.604479
505333.298322 4316792.553934
505332.891582 4316789.503388
505332.484843 4316786.452842
505332.078103 4316783.402297
505331.671364 4316780.351751
505330.699003 4316777.434667
505329.726641 4316774.517582
505328.754280 4316771.600498
505327.781918 4316768.683414
505326.809557 4316765.766329
505325.837195 4316762.849245
505324.864834 4316759.932161
505323.892472 4316757.015076
505322.920111 4316754.097992
505321.947750 4316751.180908
505320.975388 4316748.263824
505320.003027 4316745.346739
505319.030665 4316742.429655
505318.058304 4316739.512571
505317.085942 4316736.595486
505316.113581 4316733.678402
505314.771341 4316730.932911
505313.429101 4316728.187420
505312.086861 4316725.441929
505310.744621 4316722.696438
505309.402381 4316719.950947
505308.060141 4316717.205456
505306.717901 4316714.459965
505305.375660 4316711.714473
505304.033420 4316708.968982
505302.691180 4316706.223491
505301.348940 4316703.478000
505300.006700 4316700.732509
505298.664460 4316697.987018
505297.322220 4316695.241527
505295.979980 4316692.496036
505294.332685 4316689.933578
505292.685391 4316687.371119
505291.038096 4316684.808661
505289.390801 4316682.246203
505287.743507 4316679.683744
505286.096212 4316677.121286
505284.448917 4316674.558828
505282.801623 4316671.996369
505281.154328 4316669.433911
505279.507034 4316666.871453
505277.859739 4316664.308994
505276.212444 4316661.746536
505274.565150 4316659.184077
505272.917855 4316656.621619
505271.270560 4316654.059161
505269.623266 4316651.496702
505267.975971 4316648.934244
505266.328676 4316646.371786
505264.681382 4316643.809327
505263.034087 4316641.246869
505260.611595 4316639.524208
505258.189103 4316637.801547
505255.766610 4316636.078886
505253.344118 4316634.356225
505250.921626 4316632.633563
505248.499134 4316630.910902
505246.076642 4316629.188241
505243.654150 4316627.465580
505241.231657 4316625.742919
505238.809165 4316624.020258
505236.386673 4316622.297597
505233.964181 4316620.574936
505231.541689 4316618.852274
505229.119197 4316617.129613
505226.696704 4316615.406952
505224.274212 4316613.684291
505221.851720 4316611.961630
505219.277822 4316610.360094
505216.703924 4316608.758557
505214.130026 4316607.157021
505211.556129 4316605.555484
505208.982231 4316603.953948
505206.408333 4316602.352411
505203.834435 4316600.750875
505201.260537 4316599.149339
505198.686639 4316597.547802
505196.112741 4316595.946266
505193.538843 4316594.344729
505190.964946 4316592.743193
505188.391048 4316591.141656
505185.817150 4316589.540120
505183.243252 4316587.938583
505180.669354 4316586.337047
505178.119969 4316584.572088
505175.570585 4316582.807130
505173.021200 4316581.042171
505170.471815 4316579.277213
505167.922431 4316577.512254
505165.373046 4316575.747296
505162.823662 4316573.982337
505160.274277 4316572.217378
505157.724892 4316570.452420
505155.175508 4316568.687461
505152.626123 4316566.922503
505150.076738 4316565.157544
505147.527354 4316563.392586
505144.977969 4316561.627627
505142.886166 4316559.470455
505140.794364 4316557.313284
505138.702561 4316555.156112
505136.610758 4316552.998941
505134.518955 4316550.841769
505132.427153 4316548.684598
505130.335350 4316546.527426
505128.243547 4316544.370254
505126.151745 4316542.213083
505124.059942 4316540.055911
505121.968139 4316537.898740
505119.876336 4316535.741568
505117.784534 4316533.584397
505115.692731 4316531.427225
505114.167458 4316528.864767
505112.642185 4316526.302308
505111.116912 4316523.739850
505109.591640 4316521.177391
505108.066367 4316518.614933
505106.541094 4316516.052475
505105.015821 4316513.490016
505103.490548 4316510.927558
505101.965275 4316508.365099
505100.440002 4316505.802641
505098.914729 4316503.240183
505097.389457 4316500.677724
505095.864184 4316498.115266
505094.338911 4316495.552807
505092.813638 4316492.990349
505091.212102 4316490.473649
505089.610565 4316487.956949
505088.009029 4316485.440248
505086.407492 4316482.923548
505084.805956 4316480.406848
505083.204419 4316477.890148
505081.602883 4316475.373448
505080.001346 4316472.856748
505078.399810 4316470.340047
505076.798274 4316467.823347
505075.196737 4316465.306647
505073.595201 4316462.789947
505071.993664 4316460.273247
505070.392128 4316457.756546
505068.790591 4316455.239846
505067.189055 4316452.723146
505065.750941 4316450.043024
505064.312826 4316447.362902
505062.874712 4316444.682779
505061.436597 4316442.002657
505059.998483 4316439.322535
505058.560368 4316436.642413
505057.122254 4316433.962291
505055.684140 4316431.282168
505054.246025 4316428.602046
505052.807911 4316425.921924
505051.369796 4316423.241802
505049.931682 4316420.561679
505048.493567 4316417.881557
505047.055453 4316415.201435
505045.788303 4316412.385547
505044.521154 4316409.569658
505043.254004 4316406.753770
505041.986854 4316403.937882
505040.719705 4316401.121993
505039.452555 4316398.306105
505038.185405 4316395.490217
505036.918255 4316392.674329
505035.651106 4316389.858440
505034.383956 4316387.042552
505033.116806 4316384.226664
505031.849657 4316381.410775
505030.582507 4316378.594887
505029.144393 4316375.849396
505027.706278 4316373.103905
505026.268164 4316370.358414
505024.830049 4316367.612922
505023.391935 4316364.867431
505021.953820 4316362.121940
505020.515706 4316359.376449
505019.077592 4316356.630958
505017.639477 4316353.885467
505016.201363 4316351.139976
505014.763248 4316348.394484
505013.325134 4316345.648993
505011.887019 4316342.903502
505010.448905 4316340.158011
505008.726244 4316337.627853
505007.003583 4316335.097694
505005.280922 4316332.567536
505003.558261 4316330.037377
505001.835600 4316327.507219
505000.112939 4316324.977060
504998.390278 4316322.446902
504996.667617 4316319.916743
504994.944955 4316317.386585
504993.222294 4316314.856426
504991.499633 4316312.326268
504989.776972 4316309.796109
504988.054311 4316307.265951
504986.331650 4316304.735792
504984.608989 4316302.205634
504982.886328 4316299.675475
504981.163667 4316297.145317
504978.851674 4316295.170490
504976.539682 4316293.195663
504974.227689 4316291.220836
504971.915697 4316289.246009
504969.603704 4316287.271183
504967.291712 4316285.296356
504964.979719 4316283.321529
504962.667727 4316281.346702
504960.355734 4316279.371875
504958.043742 4316277.397048
504955.731749 4316275.422221
504953.419757 4316273.447394
504951.107764 4316271.472567
504948.795772 4316269.497740
504946.483779 4316267.522914
504944.171787 4316265.548087
504941.859794 4316263.573260
504939.547802 4316261.598433
504937.235809 4316259.623606
504934.446739 4316258.490546
504931.657668 4316257.357486
504928.868598 4316256.224427
504926.079528 4316255.091367
504923.290458 4316253.958307
504920.501387 4316252.825247
504917.712317 4316251.692187
504914.923247 4316250.559128
504912.134176 4316249.426068
504909.345106 4316248.293008
504906.556036 4316247.159948
504903.766966 4316246.026888
504900.977895 4316244.893828
504898.188825 4316243.760769
504895.399755 4316242.627709
504892.610684 4316241.494649
504889.821614 4316240.361589
504887.032544 4316239.228529
504884.243474 4316238.095470
504881.454403 4316236.962410
504878.665333 4316235.829350
504875.716472 4316235.625980
504872.767611 4316235.422611
504869.818751 4316235.219241
504866.869890 4316235.015871
504863.921029 4316234.812501
504860.972168 4316234.609132
504858.023307 4316234.405762
504855.074446 4316234.202392
504852.125586 4316233.999023
504849.176725 4316233.795653
504846.227864 4316233.592283
504843.279003 4316233.388913
504840.330142 4316233.185544
504837.381281 4316232.982174
504834.432421 4316232.778804
504831.483560 4316232.575434
504828.534699 4316232.372065
504825.585838 4316232.168695
504822.632355 4316232.168695
504819.678872 4316232.168695
504816.725389 4316232.168695
504813.771907 4316232.168695
504810.818424 4316232.168695
504807.864941 4316232.168695
504804.911458 4316232.168695
504801.957975 4316232.168695
504799.004492 4316232.168695
504796.051009 4316232.168695
504793.097527 4316232.168695
504790.144044 4316232.168695
504787.190561 4316232.168695
504784.237078 4316232.168695
504781.283595 4316232.168695
504778.330112 4316232.168695
504775.376629 4316232.168695
504772.423146 4316232.168695
504769.469664 4316232.168695
504766.516181 4316232.168695
504763.562698 4316232.168695
504760.609215 4316232.168695
504757.609512 4316232.626277
504754.609809 4316233.083859
504751.610105 4316233.541440
504748.610402 4316233.999022
504745.610699 4316234.456604
504742.610996 4316234.914186
504739.611292 4316235.371768
504736.611589 4316235.829350
504733.611886 4316236.286931
504730.612183 4316236.744513
504727.612480 4316237.202095
504724.612776 4316237.659677
504721.613073 4316238.117259
504718.613370 4316238.574841
504715.613667 4316239.032422
504712.613963 4316239.490004
504709.614260 4316239.947586
504706.614557 4316240.405168
504703.686033 4316240.222135
504700.757509 4316240.039102
504697.828985 4316239.856070
504694.900462 4316239.673037
504691.971938 4316239.490004
504689.043414 4316239.306971
504686.114890 4316239.123939
504683.186366 4316238.940906
504680.257842 4316238.757873
504677.329319 4316238.574841
504674.400795 4316238.391808
504671.472271 4316238.208775
504668.543747 4316238.025742
504665.615223 4316237.842710
504662.686699 4316237.659677
504659.758175 4316237.476644
504656.829652 4316237.293611
504653.901128 4316237.110579
504650.972604 4316236.927546
504648.044080 4316236.744513
504645.146062 4316236.134404
504642.248043 4316235.524295
504639.350025 4316234.914186
504636.452006 4316234.304077
504633.553988 4316233.693967
504630.655970 4316233.083858
504627.757951 4316232.473749
504624.859933 4316231.863640
504621.961914 4316231.253531
504619.063896 4316230.643422
504616.165878 4316230.033313
504613.267859 4316229.423204
504610.369841 4316228.813095
504607.471823 4316228.202985
504604.573804 4316227.592876
504601.675786 4316226.982767
504598.777767 4316226.372658
504595.879749 4316225.762549
504593.134258 4316224.527078
504590.388767 4316223.291607
504587.643276 4316222.056136
504584.897785 4316220.820665
504582.152293 4316219.585194
504579.406802 4316218.349723
504576.661311 4316217.114252
504573.915820 4316215.878781
504571.170329 4316214.643310
504568.424838 4316213.407839
504565.679347 4316212.172368
504562.933856 4316210.936897
504560.188365 4316209.701426
504557.442874 4316208.465955
504554.697382 4316207.230484
504551.951891 4316205.995013
504549.206400 4316204.759542
504546.460909 4316203.524071
504543.715418 4316202.288600
504540.969927 4316201.053129
504538.732860 4316199.171959
504536.495793 4316197.290789
504534.258727 4316195.409619
504532.021660 4316193.528450
504529.784593 4316191.647280
504527.547526 4316189.766110
504525.310460 4316187.884940
504523.073393 4316186.003770
504520.836326 4316184.122601
504518.599259 4316182.241431
504516.362192 4316180.360261
504514.125126 4316178.479091
504511.888059 4316176.597921
504509.650992 4316174.716751
504507.413925 4316172.835582
504505.176859 4316170.954412
504502.939792 4316169.073242
504500.702725 4316167.192072
504499.395348 4316164.381212
504498.087972 4316161.570352
504496.780595 4316158.759492
504495.473218 4316155.948632
504494.165841 4316153.137772
504492.858465 4316150.326912
504491.551088 4316147.516053
504490.243711 4316144.705193
504488.936335 4316141.894333
504487.628958 4316139.083473
504486.321581 4316136.272613
504485.014204 4316133.461753
504483.706828 4316130.650893
504482.399451 4316127.840033
504481.702183 4316124.963804
504481.004916 4316122.087575
504480.307648 4316119.211347
504479.610381 4316116.335118
504478.913113 4316113.458889
504478.215845 4316110.582660
504477.518578 4316107.706432
504476.821310 4316104.830203
504476.124042 4316101.953974
504475.426775 4316099.077745
504474.729507 4316096.201517
504474.032240 4316093.325288
504473.334972 4316090.449059
504472.637704 4316087.572830
504471.940437 4316084.696602
504471.243169 4316081.820373
504470.545901 4316078.944144
504469.848634 4316076.067915
504469.151366 4316073.191687
504468.454099 4316070.315458
504467.756831 4316067.439229
504467.233880 4316064.432263
504466.710930 4316061.425296
504466.187979 4316058.418330
504465.665028 4316055.411363
504465.142078 4316052.404397
504464.619127 4316049.397430
504464.096176 4316046.390464
504463.573226 4316043.383497
504463.050275 4316040.376531
504462.527324 4316037.369564
504462.004374 4316034.362598
504461.481423 4316031.355631
504460.958472 4316028.348665
504460.435522 4316025.341698
504459.912571 4316022.334732
504459.389620 4316019.327765
504458.866670 4316016.320799
504458.343719 4316013.313832
504457.820768 4316010.306866
504457.297818 4316007.299899
504456.774867 4316004.292933
504456.698603 4316001.242387
504456.622340 4315998.191842
504456.546076 4315995.141296
504456.469813 4315992.090750
504456.393549 4315989.040205
504456.317285 4315985.989659
504456.241022 4315982.939113
504456.164758 4315979.888568
504456.088494 4315976.838022
504456.012231 4315973.787476
504455.935967 4315970.736931
504455.859704 4315967.686385
504455.783440 4315964.635839
504455.707176 4315961.585294
504455.630913 4315958.534748
504455.554649 4315955.484202
504455.478385 4315952.433657
504455.402122 4315949.383111
504455.325858 4315946.332565
504455.249595 4315943.282020
504455.173331 4315940.231474
504455.097067 4315937.180928
504455.020804 4315934.130383
504454.944540 4315931.079837
504454.990298 4315928.105555
504455.036056 4315925.131273
504455.081814 4315922.156991
504455.127573 4315919.182709
504455.173331 4315916.208427
504455.219089 4315913.234145
504455.264847 4315910.259863
504455.310605 4315907.285581
504455.356363 4315904.311299
504455.402121 4315901.337017
504455.447880 4315898.362735
504455.493638 4315895.388453
504455.539396 4315892.414171
504455.585154 4315889.439889
504455.630912 4315886.465607
504455.676670 4315883.491325
504455.722429 4315880.517043
504455.768187 4315877.542761
504455.813945 4315874.568479
504455.859703 4315871.594197
504456.148702 4315868.607873
504456.437701 4315865.621550
504456.726700 4315862.635226
504457.015699 4315859.648902
504457.304699 4315856.662579
504457.593698 4315853.676255
504457.882697 4315850.689932
504458.171696 4315847.703608
504458.460695 4315844.717284
504458.749694 4315841.730961
504459.038693 4315838.744637
504459.327692 4315835.758313
504459.616691 4315832.771990
504459.905690 4315829.785666
504460.194690 4315826.799343
504460.483689 4315823.813019
504460.772688 4315820.826695
504461.061687 4315817.840372
504461.350686 4315814.854048
504462.011638 4315811.956030
504462.672589 4315809.058011
504463.333541 4315806.159993
504463.994492 4315803.261974
504464.655444 4315800.363956
504465.316395 4315797.465938
504465.977347 4315794.567919
504466.638298 4315791.669901
504467.299250 4315788.771883
504467.960202 4315785.873864
504468.621153 4315782.975846
504469.282105 4315780.077827
504469.943056 4315777.179809
504470.604008 4315774.281791
504471.264959 4315771.383772
504471.925911 4315768.485754
504472.586862 4315765.587735
504473.247814 4315762.689717
504473.770765 4315759.813488
504474.293715 4315756.937259
504474.816666 4315754.061031
504475.339617 4315751.184802
504475.862567 4315748.308573
504476.385518 4315745.432344
504476.908469 4315742.556115
504477.431419 4315739.679887
504477.954370 4315736.803658
504478.477320 4315733.927429
504479.000271 4315731.051200
504479.523222 4315728.174972
504480.046172 4315725.298743
504480.569123 4315722.422514
504480.340332 4315719.371968
504480.111541 4315716.321423
504479.882750 4315713.270877
504479.653959 4315710.220331
504479.425168 4315707.169786
504479.196377 4315704.119240
504478.967587 4315701.068694
504478.738796 4315698.018149
504478.510005 4315694.967603
504478.281214 4315691.917057
504478.052423 4315688.866512
504477.823632 4315685.815966
504477.022864 4315683.013277
504476.222095 4315680.210588
504475.421327 4315677.407900
504474.620559 4315674.605211
504473.819791 4315671.802522
504473.019022 4315668.999833
504472.218254 4315666.197144
504471.417486 4315663.394455
504470.616718 4315660.591767
504469.815949 4315657.789078
504469.015181 4315654.986389
504468.214413 4315652.183700
504467.413645 4315649.381011
504466.612876 4315646.578323
504465.812108 4315643.775634
504465.011340 4315640.972945
504462.658062 4315639.207986
504460.304784 4315637.443028
504457.951506 4315635.678069
504455.598228 4315633.913111
504453.244950 4315632.148152
504450.891672 4315630.383194
504448.538393 4315628.618235
504446.185115 4315626.853276
504443.831837 4315625.088318
504441.478559 4315623.323359
504439.125281 4315621.558401
504436.772003 4315619.793442
504434.418725 4315618.028484
504432.065447 4315616.263525
504429.608955 4315614.529531
504427.152463 4315612.795536
504424.695971 4315611.061542
504422.239479 4315609.327548
504419.782987 4315607.593553
504417.326495 4315605.859559
504414.870003 4315604.125564
504412.413511 4315602.391570
504409.957019 4315600.657576
504407.500526 4315598.923581
504405.044034 4315597.189587
504402.587542 4315595.455593
504400.131050 4315593.721598
504397.674558 4315591.987604
504395.218066 4315590.253609
504392.761574 4315588.519615
504390.305082 4315586.785621
504387.848590 4315585.051626
504385.392098 4315583.317632
504383.256716 4315581.304272
504381.121334 4315579.290912
504378.985952 4315577.277551
504376.850570 4315575.264191
504374.715188 4315573.250831
504372.579806 4315571.237471
504370.444424 4315569.224111
504368.309043 4315567.210750
504366.173661 4315565.197390
504364.038279 4315563.184030
504361.902897 4315561.170670
504359.767515 4315559.157310
504357.632133 4315557.143949
504355.496751 4315555.130589
504353.361369 4315553.117229
504351.836096 4315550.473423
504350.310823 4315547.829617
504348.785550 4315545.185810
504347.260278 4315542.542004
504345.735005 4315539.898198
504344.209732 4315537.254392
504342.684459 4315534.610585
504341.159186 4315531.966779
504339.633913 4315529.322973
504338.108641 4315526.679167
504336.583368 4315524.035361
504335.058095 4315521.391554
504333.532822 4315518.747748
504332.007549 4315516.103942
504330.482276 4315513.460136
504328.957004 4315510.816329
504327.431731 4315508.172523
504325.906458 4315505.528717
504325.209190 4315502.652488
504324.511923 4315499.776259
504323.814655 4315496.900031
504323.117388 4315494.023802
504322.420120 4315491.147573
504321.722853 4315488.271344
504321.025585 4315485.395116
504320.328317 4315482.518887
504319.631050 4315479.642658
504318.933782 4315476.766429
504318.236515 4315473.890201
504317.539247 4315471.013972
504316.841980 4315468.137743
504316.144712 4315465.261514
504315.447444 4315462.385286
504314.750177 4315459.509057
504314.052909 4315456.632828
504313.355642 4315453.756599
504312.658374 4315450.880371
504311.961107 4315448.004142
504311.263839 4315445.127913
